64
 278.853597  -949.978490
-449.941363  -553.578524
 472.942428   353.398975
 784.359135  -826.122335
-156.156361  -940.405561
-562.724050    10.710576
-946.928061  -602.324699
 299.768876    89.882961
-559.118756   178.531368
 618.860913  -987.002481
 611.638504   396.278790
-319.498967  -689.041000
 914.426144  -326.810910
-814.508313  -806.567246
 694.988733   207.452063
 614.256547   459.463573
  72.456183   946.231528
-242.931246   104.081263
 658.809329   237.039505
 723.413801   154.704291
 409.143672  -908.351233
-544.203449  -421.224073
-840.416046  -534.418227
-797.997141  -444.052794
 271.368889  -270.335642
-259.638066  -580.985938
-466.044356   873.309175
 296.070770   218.262011
-657.722704   458.253596
-673.195012  -241.089116
 979.046701   279.999520
 113.899488   369.228502
 685.703840   551.999823
-541.903856  -935.799512
-369.093904  -464.518248
-578.034313   885.819429
 752.735253  -370.644238
 310.877331  -208.736198
 829.095179   -82.296295
-470.239667  -506.744985
 122.736268  -474.516783
 169.171980   795.645767
-201.198990  -561.358482
 995.075213    19.052587
-818.181176  -905.767249
-780.701739   254.892083
 584.158729  -155.680066
-872.944588  -236.761427
 992.242760    58.228690
 942.156755   721.559404
-977.037956   441.443639
 363.420738    73.940661
-466.349620   281.923597
-776.895653  -130.469499
 -92.552587   907.631855
 751.705881  -473.221898
   1.172226  -642.696239
 825.255679   741.037140
-403.110417   277.898990
 217.940423  -694.321463
 525.021600    78.758060
 557.252957    60.707344
-998.856208  -351.687886
-961.046515   858.197233