512
 0.650592  -1.891225
-0.269186  -1.981802
-1.635136   1.151664
 1.847719  -0.765465
-1.740189   0.985769
-0.171465   1.992636
 1.498196   1.324919
-1.191415  -1.606403
-0.509741  -1.933950
 1.999397   0.049111
 1.028344   1.715374
-1.999396  -0.049147
-1.530332  -1.287666
 0.877262   1.797335
 1.763831  -0.942816
-0.171645  -1.992621
-0.877079   1.797424
-0.220256   1.987835
 0.049154  -1.999396
 0.147301   1.994568
-0.317846  -1.974582
 0.073728   1.998641
 1.984940  -0.244976
 0.438324   1.951377
 0.697013   1.874613
 1.111251  -1.662866
-0.244845  -1.984956
 1.211161   1.591568
 1.990362  -0.196113
 1.987805  -0.220529
 1.997590  -0.098152
 1.676525  -1.090534
-1.763915  -0.942658
 0.195968  -1.990376
-1.007093   1.727936
 1.998644   0.073644
 1.970556   0.341922
 1.545902   1.268931
 1.689782  -1.069877
 0.098225  -1.997587
 1.576638   1.230534
 0.486082  -1.940032
-1.481793  -1.343238
-0.604031  -1.906606
 1.591586  -1.211137
-1.448431  -1.379147
 1.940027  -0.486101
 1.899040   0.627412
 1.857086  -0.742451
-0.580740   1.913829
-0.365995  -1.966227
-0.244629   1.984983
 0.098252   1.997585
-1.151682   1.635123
 1.865994   0.719768
-1.379184  -1.448397
 0.580723   1.913834
 1.702714   1.049173
-1.984950  -0.244892
-0.787850  -1.838285
 1.797340  -0.877250
-1.620826   1.171718
-1.933933   0.509805
-1.028146   1.715493
-0.533494  -1.927533
-1.945913  -0.461975
-1.715478   1.028171
-1.940086  -0.485865
-1.998638   0.073793
-1.899031  -0.627441
-1.866047  -0.719630
 1.945894   0.462059
-1.343088  -1.481930
-1.996242  -0.122551
-1.465350  -1.361158
 1.414308  -1.414119
-0.462287  -1.945839
 1.997581   0.098332
 0.765371   1.847757
 1.775361  -0.920919
 0.650642   1.891207
 0.414371   1.956603
 0.985636  -1.740265
-1.431365   1.396852
 1.906571   0.604141
-0.627213  -1.899106
-1.994589   0.147019
-0.390242  -1.961558
 0.557131  -1.920834
 1.676396   1.090733
-0.765236  -1.847813
-0.048884   1.999403
 1.956594  -0.414416
 0.147291  -1.994569
 1.379170  -1.448409
-1.702641  -1.049292
 1.131494   1.649158
 1.818295   0.832949
 0.556968   1.920882
-1.961609  -0.389988
-1.992633   0.171506
-1.984955   0.244853
 1.649266   1.131337
 1.987811   0.220471
-1.978367   0.293364
-1.940047   0.486023
 0.366098   1.966208
-1.913854   0.580658
-1.847829  -0.765198
-1.635149  -1.151645
 1.994567   0.147320
-1.818276  -0.832991
 0.533552  -1.927517
 1.465440  -1.361060
 1.620999   1.171479
 0.942912  -1.763779
 1.689642   1.070099
-0.650510  -1.891253
 1.576767  -1.230368
 1.287597  -1.530390
-0.832738  -1.818391
-1.498270  -1.324835
-1.874635  -0.696952
 0.486015   1.940049
 1.999851   0.024438
 1.028297  -1.715402
-1.561489   1.249701
-0.899290  -1.786415
 0.048935   1.999401
-1.974573   0.317902
-1.987807   0.220508
-0.122678  -1.996234
 0.899063   1.786529
 1.561354   1.249869
-1.448611   1.378959
 0.269351   1.981779
 0.877356  -1.797288
 0.673828   1.883071
-1.981806  -0.269156
 1.996241   0.122560
-0.580451  -1.913917
-2.000000  -0.000070
-0.414233   1.956633
-1.546100   1.268690
 1.230519  -1.576649
-1.431373  -1.396844
-1.866031   0.719671
 1.662975   1.111087
-1.070006   1.689701
-1.662995   1.111057
 1.049182   1.702709
-1.249630   1.561546
 1.970578  -0.341792
 0.509546   1.934002
 0.719622   1.866051
-1.465191   1.361329
 1.978379   0.293283
 0.696786  -1.874697
 0.673728  -1.883107
 1.883146  -0.673617
 0.317660   1.974612
 1.561554  -1.249620
 1.857000   0.742664
 0.220546   1.987803
 1.465299   1.361213
 1.891259  -0.650492
 1.891162   0.650773
-0.365904   1.966244
-0.073758   1.998639
 0.810514   1.828406
 0.921174  -1.775229
-1.838304  -0.787807
-1.990364   0.196086
-0.696851  -1.874673
-1.775294  -0.921048
 1.808034   0.854993
 1.662851  -1.111273
 0.964384   1.752131
-0.000174  -2.000000
 0.244707   1.984973
-1.414178   1.414249
-1.576714   1.230436
 0.390044   1.961598
-0.024484  -1.999850
 0.719671  -1.866032
-1.414124  -1.414303
 0.854957  -1.808051
 0.293423   1.978359
 1.191295   1.606492
 1.131553  -1.649117
-1.090634   1.676460
-1.007097  -1.727934
 1.702665  -1.049253
-1.920825   0.557162
-1.956651  -0.414145
 1.230551   1.576624
 0.627419  -1.899038
 1.191379  -1.606430
 1.818257  -0.833031
 1.966193  -0.366176
-1.689617  -1.070137
-1.740209  -0.985735
 0.533408   1.927557
-1.546105  -1.268684
 1.951400  -0.438223
 1.649191  -1.131446
-0.899073   1.786524
 1.361073   1.465428
-0.462107   1.945882
 1.740254  -0.985655
 1.606355  -1.191479
 1.981792   0.269258
-1.966185   0.366221
 1.992620   0.171658
-1.702809   1.049020
 1.865968  -0.719837
-0.390275   1.961552
-1.752085   0.964468
 0.985923   1.740102
-0.627471   1.899021
-1.883043  -0.673905
-0.742471   1.857077
-0.942640   1.763924
-1.662863  -1.111255
-1.171458  -1.621014
 1.620947  -1.171550
 1.090537  -1.676523
 1.945899  -0.462036
 0.832727  -1.818396
 0.000141   2.000000
 1.920836   0.557124
 1.635256  -1.151494
-0.696822   1.874684
 1.171463   1.621010
-0.486096  -1.940029
 1.249637  -1.561540
 0.810383  -1.828464
-0.317647   1.974614
-1.951430  -0.438090
 1.635063   1.151768
-1.970562  -0.341882
 1.940049   0.486013
-1.763872   0.942738
 1.268768   1.546036
-1.891153   0.650800
-0.097993   1.997598
 1.838228  -0.787983
 0.899080  -1.786520
-1.649237  -1.131379
 1.530256   1.287756
-1.211108   1.591609
-1.727885  -1.007181
 1.070061   1.689665
 1.752060   0.964512
 0.244679  -1.984977
-0.650759   1.891167
-0.073575  -1.998646
 0.604022  -1.906609
 1.883068   0.673835
-1.999851  -0.024452
-1.818380   0.832764
-1.913918  -0.580445
 1.306421  -1.514353
 1.396728   1.431485
 1.715511  -1.028115
-1.990372  -0.196006
-1.951437   0.438058
-1.090528  -1.676529
-0.921075  -1.775281
-0.810551   1.828389
-0.855270  -1.807903
-1.620909  -1.171603
-1.676530   1.090527
-1.689754   1.069921
 1.920837  -0.557121
 1.343128  -1.481893
-1.268702  -1.546090
 1.007020  -1.727979
-1.715433  -1.028246
-1.676539  -1.090512
 1.378988   1.448583
-1.956640   0.414197
 1.210994  -1.591695
 1.874612  -0.697014
 1.933973  -0.509655
 1.324816  -1.498286
-1.997583   0.098301
 0.171569   1.992627
 1.287545   1.530433
-1.576732  -1.230413
-1.049298  -1.702637
 0.341860   1.970566
-1.997592  -0.098112
-0.556981  -1.920878
 1.448617  -1.378952
 1.111260   1.662859
-0.603838   1.906667
-0.486068   1.940035
-1.933970  -0.509665
-1.906627  -0.603966
 1.838292   0.787833
-1.131331   1.649269
-0.832856   1.818338
 1.715390   1.028317
-1.151595  -1.635184
 0.942733   1.763875
-1.906652   0.603886
 1.797413   0.877100
 1.268769  -1.546035
 1.448507   1.379068
 1.069954  -1.689734
-1.996238   0.122614
 1.481892  -1.343129
 0.462156   1.945870
-0.341922  -1.970556
-0.122494   1.996245
-0.147030   1.994588
 1.482033   1.342974
-1.856958  -0.742769
 1.807953  -0.855165
 0.293646  -1.978326
-1.999850   0.024496
 0.414148  -1.956651
 1.974596   0.317758
 1.514453   1.306305
 0.024612   1.999849
-0.341795   1.970578
-0.765359   1.847762
 1.431425  -1.396790
-0.942950  -1.763759
-1.966204  -0.366119
 1.306490   1.514294
-1.797336  -0.877259
 1.775192   0.921245
 0.220477  -1.987810
-1.379060   1.448514
-1.361083   1.465419
-1.899110   0.627201
 1.151681   1.635124
-1.591720  -1.210962
 1.999850  -0.024504
-1.828351  -0.810637
-1.481991   1.343020
-1.287580   1.530404
-1.324818   1.498285
-1.230383  -1.576755
 0.196183   1.990355
 1.727900  -1.007155
 1.414165   1.414262
 1.956610   0.414340
-1.847812   0.765239
 1.361146  -1.465360
-1.561516  -1.249667
 1.992610  -0.171775
 1.966181   0.366239
 1.090500   1.676547
-0.877250  -1.797340
-1.994573  -0.147231
-1.306297   1.514460
-1.649216   1.131409
-1.306299  -1.514458
-0.964447  -1.752097
 1.786442   0.899237
 1.874705   0.696766
-1.287762  -1.530251
-0.293357   1.978368
-1.828432   0.810456
 1.981807  -0.269150
 1.530342  -1.287655
 1.049054  -1.702788
-0.147216  -1.994575
-1.171710   1.620832
-1.874694   0.696795
-0.742592  -1.857029
 1.006943   1.728024
-1.786378   0.899363
 1.994579  -0.147161
 0.122704  -1.996232
-1.883107   0.673726
-0.673788   1.883085
-0.557041   1.920861
-1.069952  -1.689734
-0.921116   1.775259
 0.171743  -1.992612
 1.606304   1.191548
-0.855258   1.807909
 1.151717  -1.635098
 1.514387  -1.306381
 0.855023   1.808020
-1.606440  -1.191365
-1.807956   0.855158
 1.763837   0.942804
-1.775228   0.921175
-0.293561  -1.978338
 1.740109   0.985911
-0.196098   1.990363
-1.987823  -0.220358
 0.580640  -1.913859
 0.390352  -1.961536
-0.719787  -1.865987
-1.999394   0.049219
 1.961538  -0.390346
 1.498215  -1.324897
-1.498165   1.324953
-1.857083   0.742458
-0.098200  -1.997588
-1.606374   1.191453
-1.838276   0.787871
-1.343093   1.481925
 1.431413   1.396802
-0.269276   1.981790
-0.964289   1.752184
-1.131419  -1.649209
 1.913862   0.580630
 0.366117  -1.966204
 1.752072  -0.964491
-0.438298   1.951383
 0.742669   1.856999
-1.210939  -1.591737
 0.024381  -1.999851
 1.171487  -1.620993
 1.786399  -0.899322
-1.970564   0.341871
 1.906647  -0.603901
 0.787979  -1.838230
-1.591689   1.211002
 1.998639  -0.073770
-0.719963   1.865919
-0.787948   1.838243
 1.933941   0.509778
 0.627192   1.899113
 0.509797  -1.933936
 1.546139  -1.268642
 0.603876   1.906655
-0.533275   1.927594
 1.951395   0.438244
-1.927574   0.533347
 0.317795  -1.974590
-0.438357  -1.951370
 1.847723   0.765453
 1.324911   1.498202
 0.742528  -1.857055
 0.832985   1.818278
 1.999402  -0.048920
-1.981790   0.269274
-0.673759  -1.883095
-1.945834   0.462308
-0.810637  -1.828351
 0.341881  -1.970563
 0.964502  -1.752066
 0.920991   1.775324
-1.249721  -1.561473
 0.765532  -1.847691
-1.049348   1.702607
-1.920834  -0.557134
 1.978366  -0.293371
 1.828347  -0.810646
 1.343234   1.481797
-0.985843   1.740148
 0.073528  -1.998648
-0.196170  -1.990356
-1.752233  -0.964200
 0.269102  -1.981813
 1.591587   1.211137
-1.396828  -1.431388
-1.111099  -1.662967
-0.220435  -1.987815
 1.974606  -0.317697
-1.111176   1.662916
 1.927587  -0.533298
 0.462230  -1.945853
-1.230533   1.576639
 1.990378   0.195945
-0.048967  -1.999400
-0.024703   1.999847
-1.396800   1.431416
-1.514312   1.306468
-1.324754  -1.498342
 1.927533   0.533494
-1.961563   0.390220
 1.396744  -1.431470
-1.530396   1.287590
 1.984950   0.244895
-1.891215  -0.650621
 1.899075  -0.627307
 0.438154  -1.951415
-1.998645  -0.073609
-1.927605  -0.533236
-1.974632  -0.317537
 1.913839  -0.580708
 1.828453   0.810408
-1.268772   1.546033
-1.978343  -0.293527
 1.727995   1.006993
-0.985865  -1.740135
-1.028354  -1.715368
 0.788131   1.838165
-1.727916   1.007128
-1.807966  -0.855138
 1.996243  -0.122524
-1.191447   1.606379
-1.514519  -1.306229
 2.000000  -0.000007
-1.797410   0.877108
-0.509736   1.933952
 1.249589   1.561578
-0.414067  -1.956668
 0.122536   1.996243
-1.786411  -0.899298
-1.992638  -0.171441
-1.361291  -1.465226
 1.961587   0.390097