2048
-211.836598    95.050900
-829.746287  -579.894219
 482.860966   451.874693
-576.526114   811.256061
 702.917703  -715.089766
-632.014554   233.769846
-494.516444  -770.754916
 341.955823   134.585289
-891.223388   502.083628
 980.152845    97.702227
 289.349028  -853.710856
 343.370498  -498.624770
-605.164815   161.191307
 903.079813  -285.723282
 342.591132  -530.934303
-429.725712  -860.382231
-613.002862   -28.277539
-343.307844   318.844502
 386.916259  -695.210076
 133.723786   615.399529
 917.317844  -662.720978
-373.570439   571.320224
 424.398254   281.677089
-446.640330  -281.028000
 359.160360  -336.874099
 -40.092059  -109.284053
 549.533923   -26.057235
-782.334727   291.103208
-836.052614  -438.768121
 652.887346   782.594078
-607.136141   467.089234
 253.237770   454.850734
 784.210369   699.174546
 263.252989   625.284800
 157.801575   538.400510
-574.478628  -926.687381
-478.767357   787.971869
  79.354234   307.816279
-702.734033  -215.003308
 782.875087   179.201510
 714.328308  -732.237481
   2.246343  -818.891951
-272.268884  -978.816633
-522.238391   928.000537
 963.706398   368.323314
 514.412143  -719.258615
-681.555164   132.714509
 131.625066   744.390308
-707.601894   464.008949
 878.350517  -919.160348
 522.944756  -536.500185
-471.285770  -531.962662
 337.171200    35.770460
 582.920914  -223.813780
 835.803888   763.103963
-920.190603   297.049497
-793.549974   936.882802
 267.133964  -453.009369
 483.819414   157.262870
 140.320304  -246.680861
-242.962966   175.357650
 796.453235  -844.325058
-496.827180   945.348217
-554.201491  -188.315595
 634.473530  -309.935354
 585.314907   774.343887
-986.804627   764.068486
-120.202598  -540.018468
  29.082546  -438.380983
-699.519184  -685.285295
 204.040553   633.910151
 322.219286  -170.772630
-339.550470  -773.322605
 350.458853   -41.957673
 181.581798   294.518468
-178.201586  -512.659385
-744.229770   184.695321
-730.551904    25.285632
 781.595343  -706.269800
-667.317267   844.893741
  33.281385  -189.087367
 938.487374   275.245413
 757.017966   455.948631
 642.606620   894.507737
-566.813164   213.051796
 -57.173090   -36.663202
-561.272370  -178.466296
-714.575726   165.292275
 534.980225   246.423478
  21.609817  -664.556597
 371.182328   844.703890
 193.066725  -862.314206
-243.577296  -735.573603
-966.874745    45.422686
 818.678446   368.735662
 653.028371   211.022036
-645.155631   803.216437
 199.627594   755.505275
  62.859900   504.766302
-813.620068   318.785222
 803.969511    78.571973
-997.599588   875.469681
 357.118721  -137.006350
-158.631960   749.648601
 395.285614  -142.087471
 876.843256   -35.753104
 537.343344  -298.964372
 609.242078   815.717753
 674.381028   152.241634
-149.021206  -490.963944
 531.717781   820.170713
-832.364838   196.584700
  87.462044  -484.390047
-989.061092   487.291363
-985.771841    45.081260
  39.523691  -249.940237
-589.162608   608.574306
-182.309846  -786.833567
-147.856822   170.740370
-477.394210    72.209782
 129.340475   223.761354
 983.597348  -205.091704
-592.612678   104.209897
 115.125350  -642.560804
 118.187659   -32.479685
 977.016528   155.302306
 548.388968  -203.740496
-723.862963   727.661053
-761.828471  -540.457391
 566.218521   898.490357
-799.442765    16.687086
 572.162246   601.707467
 228.050734   369.128893
-895.894406  -221.792639
 271.753237   608.738722
 646.510931   -56.662680
 200.490884  -823.718621
-473.816004  -258.329748
 218.057722   448.989427
 861.369982  -198.710283
 312.350460  -427.061532
 927.059644  -885.073931
 547.216904  -649.457743
 -11.263245  -978.579205
 701.135273   861.516935
  36.306564  -610.507011
 567.918891    21.095701
 396.899465   230.379971
 348.048762  -280.520003
 310.038239   951.291802
-826.314375  -448.126260
-201.132620   339.324093
-189.098066  -599.379234
-969.266955   407.243849
 838.354842    99.185307
 452.277419   118.227734
 165.864830  -305.049822
 631.029759  -547.408974
 926.114279   -90.481983
-192.087061  -990.697097
-649.930426    12.476193
 117.261426     6.338333
-320.068211  -765.982005
  26.573374  -484.613227
  75.806779   586.778515
-499.717017  -114.462719
-245.839438   -32.740209
-513.453487  -320.678473
 551.197610   363.189347
 793.047645   724.046559
 -36.059676  -484.360470
-234.653508   577.312037
-559.235354   402.352202
 600.322788  -175.148056
-293.807469    71.303815
 401.637105  -473.300617
-425.420834  -202.138727
 497.576264  -316.014244
 109.103008  -643.028505
-372.254441  -562.867732
 147.425238  -634.431095
 492.312516   860.510527
-619.665004   474.224496
-530.277256  -515.886964
-469.189253  -541.584936
 669.880960   672.669420
-287.945253   557.876961
-760.243015  -843.024855
 911.559368   -14.670273
-986.752648   714.178675
 915.986181   696.021192
-257.606929  -369.166188
 796.242401   761.974497
 149.038760  -450.533934
-634.256274   528.524651
  22.267271  -204.241004
 500.338772  -743.508100
  51.470888  -153.648265
 879.308843  -934.874706
-305.422077   720.800261
 551.807928   -85.607931
-759.263639    36.410279
-368.697469  -983.162790
 348.206121  -241.143993
-798.504348  -276.795348
 723.684047  -625.695116
-474.301931  -461.183541
 917.053634  -313.807080
-632.172652  -152.114239
-161.814113   504.391527
-269.844028  -198.814805
 -98.542017   142.819436
 958.544904   372.023824
 628.381328   441.630919
 608.175162   110.680095
 712.617477  -607.873572
 600.074916   477.084028
 -54.025951  -980.515418
-156.958662  -731.056631
 786.540819   261.303969
  67.965176  -368.545506
 -26.759605  -498.051933
 717.003965  -904.581392
-802.050401  -673.316239
-569.065350  -491.420634
 677.943418  -807.396226
 489.186441  -480.461756
-279.386840   114.982976
 620.031763  -311.719447
-176.478190  -297.819020
 359.171703   211.152065
 153.707513   299.730966
  76.876509   958.746266
-430.782536  -349.819427
  20.889051   549.488734
-106.139766  -843.184957
 227.327545   -72.495839
 913.188862   736.515301
 281.161305   857.133334
-156.367024   224.620276
-190.454560   814.146103
-841.776145  -312.749025
-373.035873   306.026195
 420.866970   210.769946
-209.089350   775.383613
 561.948074   877.539670
 495.790997    41.871383
 -99.422687  -665.363786
 708.423689  -749.920179
-530.745616  -496.705980
 487.750690   499.479474
-578.857017  -205.908833
-808.892562   873.587323
 -53.628407  -892.349124
 541.867411    47.965583
 992.027463  -792.143192
 236.204343  -831.377467
 863.179160  -220.307584
-541.288089   475.186457
-113.679146  -747.176586
  53.484676  -658.784031
-929.690038  -286.317514
 830.544775   728.482283
 -65.613047   741.796546
 869.715143    97.090549
-729.770184   896.972264
  78.575137   181.661853
 -86.913159   497.823203
 754.587420  -130.045257
 279.573018    67.568262
 817.846303   -36.696635
-545.743111  -820.891955
-384.263629  -175.592389
-688.564922  -978.888363
  46.632481   516.586897
-727.399091  -426.475503
  70.197776   375.539928
 -16.136692   510.945402
-400.778964   531.738407
 595.929553   194.007504
 593.534768    96.424391
-622.858041   764.324137
-125.787267  -500.207764
 429.875966   291.981599
 656.853711  -558.815148
-841.580534   250.646029
  33.220124   599.918141
 226.432440   387.849118
-456.269767   296.914082
  63.888532  -462.355950
-623.998748  -863.072095
-726.751934  -779.287299
 -89.313975   -94.465535
 400.945196   -16.007972
-358.712554  -695.701390
 939.432435  -955.738229
 944.665210  -435.770925
-749.921594  -123.166729
-983.591821  -819.606034
-970.550306  -565.623830
-159.513946   571.450678
  -3.208488  -257.205837
 393.869606  -936.525757
-839.553806   501.139163
-707.824349  -466.992844
-215.156450    86.383901
-636.792523   791.397957
-499.841067  -236.845183
-974.769024   949.197006
 429.365043  -230.404202
 949.944428  -505.675618
 989.070818  -601.640247
 470.645558  -812.079392
 332.015767  -583.105736
-221.754079   922.427793
 872.430493  -682.777127
 456.474156   489.449157
  99.159889  -755.716976
 -37.540814  -402.373832
-279.146688  -895.824971
 333.389569   946.548121
-528.068324  -131.676699
-969.864589   588.780795
 169.393720  -208.383399
-513.821334   937.669859
 162.154045   381.502829
 376.813078  -690.016115
 541.594000  -502.555487
  -0.161587   371.889288
-323.155806   939.303413
 519.120330  -879.895329
-288.964649  -692.163129
  72.706652  -785.216687
 -24.314236  -366.520882
 116.700885   289.291959
-305.364522   783.591903
 466.377664  -957.294335
-244.462127   448.798316
-498.607518  -921.022915
 413.251958   118.049581
  85.468154   -19.816008
 133.403468    87.241089
-352.638249   -63.210558
 735.323680   197.359888
 721.121722  -679.313182
  62.274861  -101.231600
 638.837103    83.211904
 -91.842040   551.835815
  11.915466   467.315483
 765.864745   239.469213
-271.849606   240.394626
-358.611811  -873.316487
 934.326314   638.099468
-620.261095   366.448365
 531.468191  -691.736972
-433.741833  -180.390944
-355.951889  -807.487405
 317.782060  -912.445473
 875.599073  -642.722400
-937.452492  -785.889663
-616.766720  -936.365700
 283.503336  -222.802361
 -20.180724   247.940968
 180.601824  -901.828746
-558.554432   435.690389
-973.827780   842.070419
 311.498724   856.807439
 664.155395   -63.881713
 277.833433  -278.147898
 486.954882   780.861220
 644.053033   588.499154
-883.399951   233.866651
  58.041663   468.600677
 668.912996  -844.129250
-568.199874    38.970546
-797.549758  -537.963993
-229.337824  -613.761104
 313.753027   140.055338
 895.006689   116.846960
 116.283214   492.216753
 532.566840   153.127318
 348.985127   405.100832
-145.850019  -791.795207
 584.923196    99.930933
   9.385561   315.063762
  67.800954   199.831463
 867.039939   804.969941
 100.162685   993.700628
 689.708030  -175.313417
 266.481644   652.309950
-353.098160  -518.554888
  91.252479  -249.873850
 100.477411   489.156697
-279.982910   -95.193052
 919.648862  -999.608744
-930.674196  -431.035659
-967.395104  -729.828581
 780.649115  -986.862342
 968.788851  -570.354374
-370.190650   543.046144
 886.695812   644.674916
 838.224166    22.542977
 141.336410   143.223661
-811.425745   -79.260389
-687.785787  -470.023641
 779.250705  -500.286188
-487.512323  -399.395137
 140.974319   138.129874
-565.125440  -845.596869
-350.615892   -34.933654
 -23.447203   798.048194
 405.695790   639.030530
-809.271893   284.509246
-925.256808   616.682344
-236.907779   560.243816
 843.742993  -331.220711
 759.585005  -131.391206
 860.492168  -758.918943
 540.780116   495.357315
 698.956335   857.306332
 267.774206   264.387241
-891.744102    48.766703
-361.366920   129.825788
-346.336745   395.537305
-693.605035   347.270485
 994.734606   942.080489
 505.680406   150.509708
-819.834095  -136.128660
 572.736597  -703.975199
-327.663644   -48.290691
 490.630076    96.304810
-474.884047  -202.945925
-131.017778   395.741033
 524.065839   -38.154996
-603.782945  -209.362393
 142.661366   122.335220
 994.157534    48.495565
-515.369817  -467.485819
-139.868538   369.475945
 152.036474  -774.940257
-172.835895  -269.464711
-619.020517  -310.950181
 310.819716   539.362584
-661.489472  -300.567201
 643.168107   605.592049
 246.364313  -119.073152
 848.426414  -533.020806
 370.718455  -688.017566
 456.973506  -828.371121
 479.163260  -513.903380
 242.004885  -704.645844
 664.889512  -424.629822
-313.457255   608.561547
-389.763900   -57.619393
-336.246562   480.025970
-576.249373    92.848428
 500.710298    97.600110
 246.083986   984.604256
 390.142287   336.521164
-246.786660   812.080572
  53.598181  -489.087311
-879.779901  -598.607886
 393.053377  -457.437097
 -70.078363   890.352965
-866.804415   320.745651
 325.963271   825.737561
-279.561715  -784.217134
-415.008845   766.804630
-226.953548   959.585702
  17.080664   419.377597
 807.744120   -30.675696
 194.212817  -823.958662
-602.249600   933.582745
 121.375083   424.938381
-920.495193   844.540231
-390.144954   -20.134309
 488.781440  -963.255549
 368.622711  -289.243734
-395.347577   991.988822
 957.175650  -448.243442
-875.980606  -484.641271
-225.658821   999.903602
 980.723173   888.273396
 898.232837  -548.834605
-316.427694  -214.306807
-725.478648   459.779328
  41.435688   355.989793
 745.402941   373.046625
-165.333327   145.797106
-147.070006  -375.234471
 210.737770  -101.661629
-736.455735   304.945292
 162.061401   368.097273
-595.379533  -723.780717
 377.064179   797.286339
 819.125431  -139.871404
 818.004191   540.099996
 312.463506   129.688575
-683.904166  -864.371917
  65.923094   438.881012
-631.729568   679.045020
-708.954338  -941.033307
-362.625109   945.792070
 922.392374  -393.303790
 491.219460   643.397032
 273.694797   476.679225
-696.085888  -624.132796
-736.908239  -947.603557
 971.911186   233.893011
 211.209023   224.724043
 192.721385  -538.175245
-947.831014  -841.049139
 559.652500  -731.826745
 692.276472   -62.473003
 299.137106  -632.047044
-225.079425   -52.306158
-672.427249  -547.453880
-182.821680   937.630162
 850.870166   900.396085
-554.891575   342.678174
-594.332848  -590.875789
-645.843596   909.398138
-121.429594   234.118722
 375.725408   733.549810
 775.173832  -144.888633
 552.429438   215.859916
 648.657030   440.401827
-211.698583   878.278267
 143.868902    72.318770
 282.787649   408.225101
-922.976054  -781.367414
 -86.199152   755.533934
 755.559876  -508.556701
  75.738287   967.661287
-921.496756  -225.204296
 530.319745   925.184623
-620.299320  -120.892251
 768.795152   547.354025
-428.170823  -667.026797
-411.160549   838.065640
 379.905917   807.351293
 -72.842094   292.203016
-819.118385     1.315581
-640.457216   170.895441
 788.656036    92.814209
-213.866570  -353.078135
-950.175774   -92.638528
 793.235015   791.589814
 765.096895  -819.640677
-351.850440   297.152861
 422.939491  -672.011946
 466.524662  -817.617519
 412.453420   268.144836
-829.386912   414.558238
 453.747672   950.382851
 224.145069  -680.200661
 100.691771  -912.187833
-658.230038  -329.613722
 742.610807   725.344958
-675.751807  -710.785252
 538.313593  -897.379020
-383.875589   460.323494
 921.932227  -422.438925
-638.607947   797.083827
 920.867759  -992.934203
 530.791614  -975.584470
  -4.744785    -2.715520
 614.909127   215.967862
 -13.066407  -566.252312
 318.941243   -92.523032
-116.249277   202.433133
-986.853954   764.335730
-443.774125   257.270851
 640.242783  -584.724798
-630.320025  -889.872124
-301.960334  -709.251168
-935.135817   156.185431
 206.570928  -337.777824
-824.594631  -782.224709
 987.470361  -677.329545
-431.238910   321.849222
 399.693632   144.565177
 124.354395   932.586528
 498.669618  -279.622705
-928.319915   537.023966
-354.356298   795.059552
 640.529485   516.883976
 686.619260  -870.148267
 -58.366312  -755.953540
 718.815882  -341.582946
-172.484181  -580.309261
-581.898039  -883.630825
 142.734151   958.699891
  57.893246  -824.660518
 448.148276   209.556042
 576.369688   413.611282
-145.892790   695.595940
-480.679921   150.285378
 246.488293   854.210736
 228.579962    -7.206149
 458.369488    -4.517771
 615.960720   767.327362
-534.556721  -419.023872
-612.889126  -763.585731
 -70.228731   593.465106
 474.936751  -585.338327
 230.615988  -170.735815
-909.015621  -300.699911
 612.087036  -575.324133
 281.236622   380.034123
-491.164956  -864.327873
-399.432011    99.987199
 534.065202  -772.326474
-333.434219  -207.901348
 137.843082   920.225651
 664.085540  -611.968840
 667.650600   844.559531
 -41.783453   -50.999093
-928.883498  -728.492208
-689.227423   -78.764127
 730.448701   791.857203
 -75.059849   628.333247
 855.579954  -887.955430
  42.146449   129.885282
 356.395249   110.354417
-962.563139   154.795284
-336.561415   832.372902
 591.565599  -867.573917
-701.390188   681.478307
-321.695164  -249.518445
  68.546352  -668.061024
 211.378178  -625.242180
-766.310724   564.687874
-383.437161   715.638955
 419.680030  -457.005167
-826.404430   754.097465
-256.832846   658.914938
-394.742590    50.200839
-649.974508  -251.568619
-925.209928  -595.803173
-814.791762    11.989385
 598.050557   809.911601
-691.844446  -319.768192
 -33.056114   747.758188
-379.282582  -345.324097
 538.962794  -803.496870
 964.546948    32.293240
 985.440688  -589.625780
-926.894926  -224.823569
 729.620405  -768.328026
-378.037364  -911.940073
 696.248048   743.750186
-333.420493   778.371752
-793.794341   532.360370
 491.109450  -955.039478
 516.987641   277.701704
-580.308626  -598.888975
-426.865246    64.551612
 545.574195   342.248084
-454.691587  -685.007970
-771.079212   916.596109
 119.251527  -795.249414
  85.057428    98.731314
-457.895798   886.555637
 608.005677   148.165885
-657.450049  -377.244881
 784.486209    81.154204
-898.547633  -942.014628
 806.584815  -899.087979
-232.800721  -827.760839
-216.166479   409.355187
 782.551789   258.941380
 380.249794  -108.327469
-288.751374  -335.335809
-603.705723   516.805093
 618.599646  -842.908785
 845.567983   528.856568
 135.578605  -814.167651
 604.700996   397.198818
-805.474006  -379.216631
 288.837220   532.986991
 -58.908250   894.896540
-712.556632   791.401723
-483.894469  -273.101309
-633.293857   834.528844
-339.344087   721.583186
-350.477823   -24.986535
-869.269602  -774.225885
 -42.695828   691.532525
-435.485262  -302.769116
 149.356516    15.899332
-188.628036   428.546172
-786.037410   112.299720
-858.152020  -395.763747
 -78.050295   181.071913
-522.849416  -512.617878
-681.959421   -35.250688
-867.880131  -583.523708
 388.119721  -137.703005
 960.410452   134.422388
-315.598331   388.266314
-653.829088   339.210392
 478.734090   423.817643
 673.496388  -771.354279
 192.150987  -349.243811
-804.692182  -109.567535
-383.928553  -188.412606
 196.518363   371.017364
 192.810830   639.731458
-345.183514   289.978231
-877.035557  -564.776453
-722.166525   161.535783
 509.977022   619.678736
 514.155435   321.762788
 -94.051159  -416.993493
 231.144333  -105.680463
-588.676636   754.850705
-400.529331   588.693319
 359.117855   837.003245
 873.352966   435.582444
 830.235829   980.578513
 165.453956   222.981512
  20.847759   695.273491
 705.010359  -875.178883
 802.151390   935.799033
-998.313372   120.060516
 957.392460  -780.603366
-435.581507  -937.630516
-136.568998   180.327749
 250.428607   423.547303
-187.934691  -129.619903
-577.567851  -653.179787
-721.862269   110.843158
 686.655341  -279.424223
-165.529010  -423.058257
 745.471383  -748.901693
-976.794495   296.778485
-712.008227   769.777365
 315.853394   949.950054
-728.448509  -725.559463
 611.883229   720.305524
 787.164938   390.781039
 860.622025   246.496963
 -91.211282  -151.750631
 640.142850  -230.570564
-548.518163  -150.456285
-985.140017    -3.686073
 461.826760   424.259998
-461.499104   853.128903
 152.704706  -933.076248
-924.269936   -33.463736
-262.842803   160.537563
 923.475499  -839.873789
 460.370939    52.816108
 718.701318   501.164418
-441.159256    33.899100
  46.713589   220.141218
-509.537392   261.325698
 327.473878   337.434278
 368.148038    78.394425
 159.256880   226.078228
 807.170545    70.066523
-978.433200   -91.930456
 812.110163   147.930603
-336.972022  -294.170917
 955.521029  -410.764109
-664.983674   390.102326
 195.273038  -391.858314
 570.043110  -479.113727
 258.600108   156.282174
 145.719991   312.639773
-416.493583   474.760154
-945.403825   -30.479624
-746.357329  -846.275481
 567.525644  -495.898051
 231.595520  -449.565770
-486.088559   482.858332
 207.643079   820.262977
 477.934467   318.311281
-260.466340  -649.201270
 565.055411  -527.608238
-638.381618    54.777710
-933.818946   968.143315
 934.691267   191.088184
 643.447536   675.228439
 505.522594  -174.104247
-233.666014   321.334577
 451.998184  -665.433478
 155.514788   683.666070
-891.348427  -471.209008
 639.062019  -894.953606
 -71.970144   -47.536115
 -47.467519   896.503549
 844.918497  -532.677377
 367.019917  -219.859027
-474.749697    60.884265
-130.531341  -422.415556
 594.618089  -235.991811
-368.622751    60.506846
 911.741496  -805.271359
  62.586704  -292.343811
 688.478566   220.971136
 304.131848  -454.818810
-459.347766   604.632722
-489.312162   168.353668
 -77.782813   350.582238
-516.406063   343.779707
 540.994573    39.904644
 355.436320   986.429694
-373.460344  -978.844022
-983.047667  -864.096090
-177.502467    50.528528
 370.999104  -296.967160
 450.501312  -496.207786
-931.916475   238.794447
-886.236177   188.277165
 787.933928  -566.350565
 198.769951  -756.419738
 915.590675  -827.227252
 209.371569  -248.083120
 527.715532   295.811676
 606.400132  -630.462767
-778.309827  -631.474014
-410.862767   320.955693
-848.571649   -93.112470
 990.494747   538.718260
 384.442984   335.158404
 540.239220  -485.326809
 561.462597  -445.425037
-875.225240  -222.819145
 991.917134  -483.522788
 625.601728  -644.141027
-861.203037   958.843960
-598.661771  -214.731109
 290.966354  -783.139063
  81.264314  -137.492847
 227.932582  -787.500576
-116.836582  -482.007487
-930.278211  -859.175346
 455.090303   554.474331
-962.470414    -4.597244
 305.730665  -998.264716
-924.328735  -219.032358
-696.785052  -340.338261
-217.339269  -992.592491
 415.211304   541.981257
 -43.721148  -192.174497
 455.534842   624.551308
-859.800629  -548.306316
-231.152252   378.522617
 559.659771  -757.592699
  70.608153   983.202761
-333.120574  -394.343847
-889.610654   994.031593
 294.148819  -269.289277
 706.684157  -319.874420
 682.363174   520.906162
-420.082664  -593.759057
 108.950943   935.025921
 321.468177  -402.259310
-219.790550  -786.463967
 377.685165   -26.992916
 770.428309  -124.032501
-621.071009  -928.603423
-949.270789   992.767119
-523.029737  -222.464933
 585.478344   286.815275
  -0.631697   929.907692
 623.556174   933.148280
-967.163428  -321.429788
-324.562791   442.023978
-188.984288  -576.643649
 307.699869    46.239279
 880.179579   740.400059
  73.122787   482.102999
-534.028680  -855.933055
 470.919447   -22.210573
-961.873986   814.357756
 236.744166  -514.634897
 297.572838  -971.269590
 265.322910   809.324701
 641.478446  -805.415519
 222.451779   670.704314
-872.084769   634.940790
-771.640636   189.954814
 231.257055  -873.779777
-594.717720  -325.313780
 671.791896   475.856806
-195.982779  -758.395121
 368.176767    91.769593
-356.820228   929.384780
-573.536325  -908.826909
-653.104703  -873.556225
-452.213285   515.100172
-663.898294  -260.145313
-669.987746  -512.710781
 163.971604  -733.258246
 582.104591   264.389226
-247.737888  -684.492677
 759.253882  -838.554785
-985.552010   852.273913
 413.482497   187.461047
-432.536909   387.007055
 584.481430   -47.975053
-746.215162  -713.824278
-458.100505   -99.161738
-521.492482  -650.902128
 383.347139   192.543941
 434.397511   224.099635
-823.957613   652.967196
-397.600467  -162.428260
 115.420807  -616.194276
 973.207050   953.582959
 237.841880   725.462120
 973.564245    15.081513
 -71.567986   252.928490
-583.782594  -893.861961
-774.641755  -701.565166
 687.563389   822.968743
  -4.970324  -680.480813
 845.346079  -891.944771
-271.613862  -580.820494
-497.236441   233.638701
 780.159187   -93.704745
-791.157801  -895.086841
  74.721279  -683.908779
-941.869550    29.807435
-858.281003  -529.400338
-110.358214   159.523552
-161.867452   494.173507
 796.745514  -539.873529
-779.734264  -544.435872
-525.763277  -174.809085
-600.088337   782.730300
-852.940567   170.184515
-891.321288  -128.269879
-567.669676   218.867100
-643.878469  -253.029836
 -84.519614  -611.690154
-282.819629  -460.610938
-328.217326  -935.810809
 137.331665  -438.791690
-777.781459   -68.931409
-163.552341   520.679166
-560.292871  -409.676975
-686.423752   589.130799
 905.520284   811.156201
 156.242892   105.511276
-540.595411  -176.607715
  43.537564   724.398106
-567.114791   -53.022015
 -74.474167  -970.992286
-143.779267   745.196942
-504.337112  -131.502560
-555.186780   854.959363
 892.504709   827.509442
 796.503589  -164.456293
-911.551609   982.547007
 466.952604     8.432657
-148.604713  -211.359687
 619.433042   393.307013
-804.001593    -9.429913
-833.816952   506.157384
 386.319678  -186.763839
-563.987030  -283.188637
-521.875208   997.903319
-968.139671   338.071217
-676.394333   -81.434327
 140.761595   167.320222
 952.841557   -72.478715
-722.752171   406.269780
-630.108524   743.103599
 253.621913   407.804126
-997.272702   254.610048
-230.241464   381.501277
  61.840654  -406.820038
 505.776022   396.109968
 225.002476   150.458735
-585.707146   369.330363
 240.910424  -328.610648
 864.486531    29.472961
 820.008228  -272.018956
-896.874843  -234.090010
 -69.294250  -918.251330
-267.134008   296.345317
 409.747318   121.516417
 547.151017  -723.188386
-330.140647    79.267653
 298.076801   474.760129
 504.554280   742.262765
 405.687231   506.346997
 521.771807  -359.072367
 795.866076     7.131944
-154.141750  -891.080006
-254.372443   -95.178701
   2.900191   659.119653
 -59.672300    63.808958
 650.758036   798.902397
 -96.043235  -263.708296
 346.612959   386.446175
 956.168889   766.260655
-623.292835   767.957962
-825.382500  -218.634994
-642.376359   916.513010
-846.105380  -670.467566
-775.950839  -704.091914
-699.003862  -591.487683
 904.209534  -954.619463
-166.926682   364.806750
 863.442944   -52.190165
-159.740054   475.418488
-957.035403  -621.878683
-955.926763   603.978205
 669.895037    39.240966
-328.245261   157.409211
 311.521003   573.648726
 -27.703217   331.710692
  60.332460    96.937425
 -83.985816   134.503322
 796.563846  -387.009991
 578.535412  -546.436124
-256.195367  -423.707414
 691.027418  -703.323329
-431.235932   912.427711
 237.260460  -678.420235
  70.633371  -635.438979
-649.281310   416.222314
 809.422294   588.914561
-677.490574  -766.165330
 987.546076   149.050342
-118.222724  -260.655713
-589.689276   414.268762
 331.106563   956.045126
-704.111571  -103.141806
 950.931358    67.285915
-757.019953  -950.149590
 862.137832   537.036332
 895.578108   855.622579
-687.893465   940.300327
  92.291176    14.818062
 294.487904  -408.886262
 791.954909   939.211114
 508.323312   988.131472
 333.775463   599.152350
 457.087575   844.584203
-322.631140  -775.368754
 -42.037533  -919.838173
 356.016674  -766.247804
-950.408810   235.043985
-559.270405  -285.212903
-347.267061   216.302419
-609.700507    52.867684
 562.566712   534.190242
-608.568653  -832.820899
 698.902778   354.126776
 915.247397   951.679014
-211.152774   -19.069279
 206.343749    23.111685
-887.904765   333.532771
-204.884005   431.927545
-144.719044  -227.774764
-975.618418  -310.159574
-383.829311  -108.847918
 122.066022  -568.609689
 775.609753   483.055353
-168.780449  -114.991273
-672.419313   456.001341
 795.447222   457.211031
-171.612425   671.023065
 195.871414  -712.721434
-393.537723   976.764856
  50.602093  -329.166516
 866.305991   181.357782
-248.455180  -986.762264
 277.611999  -453.342283
-650.213978   -75.760071
 135.832649   829.744222
-601.484877   664.567446
-421.073667   -18.828764
 645.598439  -396.014201
 170.416509   -11.799029
 479.712046  -550.959557
 582.439095  -691.952061
-399.661184   281.110418
 273.121662  -751.646151
 331.826924  -424.621933
-641.255386   813.586394
 289.571691  -943.114830
 529.436712   -13.899550
 941.250653   197.782647
-276.480979   -39.028189
-127.862977  -484.176924
 371.825672   948.517497
 636.561589  -253.595568
 465.914541  -964.909839
-480.925632   163.308994
-707.725759   -77.912064
 386.566090  -285.229070
-894.223343  -277.673104
 272.494270   910.312717
-902.570199  -416.671805
 277.893051  -846.346639
-612.370331   256.059903
 529.378758   197.524976
-665.728159  -354.786279
-367.579135   689.989771
 599.754412  -457.082053
 395.935024  -274.954645
  68.840646  -296.741265
-712.564975  -726.101108
-437.164480   557.615690
-176.010991   841.814755
-673.941715  -564.247576
   6.765786   663.147110
 590.213476   117.310429
 379.305658   904.990428
 692.139499   425.094255
 404.529777   605.160566
-165.307485   832.062320
-766.868698  -737.535686
-965.241202  -303.580175
 382.101407  -721.972036
-116.124185   975.163469
  46.242219   940.222909
-655.585681  -390.631482
 488.920433  -762.806219
-742.571043   388.488474
 376.094315  -385.143353
-580.317987   962.219135
-150.389855   526.047376
-776.555612  -962.387178
 -31.490210  -137.505054
-607.298015  -934.414569
 319.577687   186.352343
 -61.835317   817.058597
-913.437008  -396.708389
-979.455206  -806.992802
-752.412887   203.583944
 175.206094  -599.951145
 341.201296  -941.481768
-708.886045   492.396026
-445.248679   159.502705
-295.593453   710.276164
 561.604272   225.912858
   9.818458  -863.325922
 639.173010   526.488066
  57.677481   431.623268
 928.527598  -656.453074
 508.035742  -991.342143
 450.698705   848.464194
 840.954356   702.593620
 -50.568992   396.265814
-629.748442   347.051396
-785.350991   669.484308
 962.602248  -151.816305
  28.502006  -184.844060
 522.818893  -371.439455
 -68.196608    39.455163
  -8.367959  -277.499084
-423.457480   444.273145
-835.504110   -12.574403
-230.437766   -86.108467
 472.348844   374.093115
 682.180352  -548.253141
-185.435559   969.924656
-144.076672   713.547499
 789.509294   604.872800
 878.164003  -265.117210
-974.428311   348.317824
 344.190957  -207.260483
  45.324753   353.037329
-761.564312  -210.377076
 390.074232   955.141710
 482.864319   784.855261
-662.553578  -272.580013
-601.827229  -599.473006
 688.059002  -191.421939
-534.260722  -150.591586
  -1.779776   529.634024
 531.944328   187.299941
 512.605887   601.968462
 886.450118  -287.805386
 333.354020   900.277636
 975.046403    22.829030
-705.251801   -90.730516
-755.619880   -21.317236
-538.356414   884.806009
-940.552963   475.596712
 660.624937    -3.730183
-946.502224  -641.808623
 209.167848  -346.088228
-394.494778   246.465237
 520.342888   322.161209
  39.897826   -15.624973
 -67.956340  -412.874137
  -4.201912     9.589512
  84.876230   618.963195
  81.057974  -964.659215
 527.929813   981.423131
 760.251342  -761.731783
 -99.768962   705.748579
-114.887708  -928.037762
-646.261654   318.822054
 558.764939   769.400458
-671.711512  -138.637764
-375.080649  -221.839018
 528.022276   137.710447
 -18.892576   107.567797
  78.784772   -60.363241
 124.510823  -687.378086
-888.525748  -473.218031
 182.090237  -244.404590
 352.975567   532.941535
-431.124921  -877.152055
 180.926830  -743.603873
-267.179812   619.106855
 167.933956   530.388041
 250.306000  -238.853245
-143.703619   983.891045
-176.140795  -887.101506
-511.542227  -530.755823
-375.800943  -830.116527
 375.982524   737.879922
-771.057407  -660.441518
  76.833626  -925.244757
 315.535573  -155.053920
  29.519646  -157.654743
-959.195454   -60.600197
-955.527097  -366.971338
 140.707081  -355.157262
-804.548654   -23.282765
 381.727929  -588.183368
  -6.537206   622.914355
 334.775110  -666.745564
-400.958205   938.855506
-596.482746   270.888401
 948.214528  -849.357637
 700.668596  -571.839790
-469.689801  -405.359462
 147.041386   609.206039
 249.144580   915.882127
 435.413686   156.386496
 183.729311  -453.270136
 132.856590    62.127314
-145.788219  -305.367026
-846.676817   647.477900
   9.279069  -400.181958
 326.913395  -373.294067
-171.371499  -497.470414
  30.738465   343.120497
  95.124978   761.793137
 255.687873    32.448230
-626.922122    -1.592737
 321.612432   647.815999
 876.205988  -464.128093
 275.852718   617.866957
 705.549296   813.671655
 869.271868   453.230137
-880.236677  -598.703945
 -75.026629  -519.252104
 492.867033   531.060164
 688.243992  -179.479475
 720.371899   822.275595
 267.854977   691.933966
-466.130483  -425.910806
-678.831380   373.709807
-527.740338  -523.033155
-700.075504  -944.591653
 594.089520  -378.918864
 -29.235295   982.586212
-155.961742   811.311246
-596.018983  -454.576073
-941.716265   579.339680
-444.456016   101.412224
 288.587642  -915.535257
 444.947995   564.467490
-889.345454   793.010951
-372.190452  -404.041650
-872.836606   910.176954
 793.546488   343.344147
 771.438704  -206.209899
 679.620947   685.500534
-527.917696   141.946759
   0.497057  -758.714772
 328.434271   160.839482
 550.231724    50.520275
  -7.097797  -819.502425
 199.642630   546.381769
-373.179341   664.668330
 474.472707   611.683216
 487.917948   871.000192
-563.983230  -786.371974
-571.782724  -450.905331
-183.248889   725.799867
-888.149195    66.939941
 399.235456  -774.077306
  91.490066   -50.291752
-507.306621  -444.532471
 568.546503  -710.176939
 -49.556438  -264.521423
-383.657202   290.795177
 810.458863  -930.381137
 478.899429   597.882642
-890.655314   834.914577
 343.197185  -494.034208
-230.619575   277.898117
 401.233604   806.314197
 370.496677    69.821386
-527.236210  -115.194404
-984.267787   921.495935
 855.014801   835.853387
-398.223697   872.644809
 513.335857  -405.154195
 718.833475  -679.545538
-122.308304  -365.631284
 624.495518   288.859001
 578.634799  -451.926949
-839.810881   558.913364
 -16.616278   473.883933
 852.994440  -334.555571
-155.268000   837.092397
-799.208867  -679.313307
-478.059851  -867.265532
-158.258936   458.463189
  95.455464  -346.463316
 390.420199   523.950890
 282.745594  -632.520756
-113.190058   282.197612
-993.848392  -599.849364
-388.904924   151.618691
-778.343601  -500.792868
 427.127882   535.214720
 298.361134  -739.814090
 188.032250  -179.367590
 878.836443   -97.020202
 747.011687  -732.980396
-653.041949   186.040831
-344.839129  -436.405343
-831.202099  -264.800874
-213.011639  -245.359943
 669.358103   140.781123
-958.530725  -954.059811
 117.059971   224.006319
-542.585508  -822.046861
 -75.150234  -476.433669
 703.661742  -900.434071
 236.008099   200.785462
-701.497598   916.065728
-659.754232   134.485798
-971.770186    51.675401
 546.718641   856.569744
 654.514904   -11.701940
-551.032100  -593.709272
 892.104653   626.824853
-467.594306   492.886059
-235.852970  -137.382822
-586.788094  -568.866804
 648.177777   453.416134
-621.273660  -639.260256
 584.927069  -942.453768
 952.256326  -529.028749
 -98.046617  -503.364081
 165.806155   294.471137
-828.522652   -62.236784
 742.886950   948.798354
-204.890569  -575.564672
-233.009089  -153.418098
 194.391880  -853.888764
 113.999949  -895.774777
 862.129215   -58.135153
-291.396633   212.748929
 341.583088   604.497009
 419.131931   619.705901
-989.278030     9.083996
-238.124649   955.047747
 342.524042  -735.523493
 784.451895  -917.750022
-641.255554  -660.267003
 -14.320345  -321.646528
 -63.830269  -820.704038
 420.511149  -134.140683
-479.187979  -373.460784
 957.033204    -1.578765
 946.742979  -437.998701
-278.815583  -139.827962
 805.585353  -473.567223
 659.178358   853.433762
  33.945371  -128.449263
-670.032362   473.738477
 -17.450440   900.101396
 111.349417   845.705608
 273.304385  -120.020806
-622.160090  -890.865665
-633.717358   -59.504937
-672.890086   -65.734320
-767.951906   790.350436
 -10.178446  -116.960625
 977.637167   121.709041
 -84.480591  -775.018232
 439.527927  -703.892587
-300.791396  -592.532577
-431.767103   669.907319
 499.873303   645.143513
 126.494779   326.275357
-575.207687   996.009111
-991.748549   533.695259
-638.862306   840.826393
-507.685128    -3.778448
-811.389552  -342.684447
-431.437497   962.668951
-756.018111  -252.883381
 858.296885  -787.860158
-352.923331  -942.250996
 -79.533639   415.413300
 -40.289812   256.713479
-461.363128   316.012606
-341.146157  -912.306001
 244.729712   -93.796010
 894.836794   999.642219
 813.756733   594.066926
-741.359603   726.557688
 603.115926  -434.091980
 596.293942   487.599985
  94.312444   204.583055
-814.897978  -489.672196
-519.839734   541.754974
-202.165483  -958.975928
-583.554519  -222.994197
-195.207532   294.336002
 908.864910  -691.730676
-402.906679   602.200842
 471.778569   843.399619
 807.468544   207.027214
-281.911482  -807.777005
-265.086345  -600.257479
-109.115170  -223.820947
-463.041193   200.681499
-819.555301  -154.927301
-263.527936  -627.288335
 261.372513  -814.105078
  26.682918   946.543581
 352.880064   295.221235
 427.270966   861.335225
  54.557422   294.450783
-832.059796   -63.561657
-841.633738   603.089384
-399.213491   968.372466
 368.627875  -399.182695
-502.692990  -144.536386
 137.071372   101.988659
 834.604026    26.829036
  21.303168  -173.961191
 -70.687016   440.619999
 625.649516  -289.084729
 171.135770   537.293546
-967.462612   481.032337
 -74.242112   572.354185
 685.819647  -909.482567
-167.496877   408.757110
-372.107288   448.189370
 514.708529  -100.104189
 615.668137  -317.331240
 836.223854   620.012018
-577.863258  -843.558941
 964.372376  -481.364654
 346.817525  -132.402159
-964.169562  -210.132314
-973.390800   311.601944
 -79.673965  -189.816805
 315.434187   488.493660
 451.822810  -394.400036
 626.264959   233.489653
 381.324584   926.283221
 350.204578   609.281470
-824.729739  -729.772106
-618.395833   631.936446
 392.064884  -623.557793
-946.369406   -37.765612
-709.691619  -516.439565
 684.179420   716.378715
  77.165070  -827.812906
 539.442293  -703.668707
-156.241551  -767.082361
 804.830673   477.562363
-109.468103   -29.906325
-960.744443  -100.967443
-514.740702  -410.337186
 658.901525  -216.533213
-332.299888  -794.672957
 695.259060  -136.424095
-168.628188    -8.593578
 157.322535   462.157094
 998.052735  -925.965570
-200.639256    26.711443
 449.228370   870.561908
 810.146284   735.268391
-536.188428  -878.590636
-961.960682   152.806704
 106.511370  -464.302258
 296.600572   778.281189
-766.118519   245.393380
 292.359625  -103.349213
-127.539992  -677.333127
 452.418271   -61.519126
-123.778623    15.271890
 175.317420   369.948169
 843.471193   706.907583
 430.398325   -63.065438
 766.346787   445.990007
-219.257534  -166.277843
 882.393981   305.000376
-279.488865   -55.350307
 941.883279  -675.948491
-585.582818   381.395098
-827.616205   -34.220470
-653.417793  -687.371811
 -15.628530   586.964911
 886.109397   -12.549843
-530.562189   113.661022
 998.522446  -282.426493
-478.383983   353.855717
-650.570410   718.923344
   6.957800   613.631086
-324.530491  -772.061413
-546.619488   123.962897
 -27.269404   987.325644
 569.771608   538.747803
 540.189786   114.044700
 792.635398   706.816296
 747.391351   208.578969
-791.715954  -899.155916
 892.535455   597.973771
 925.294218   511.528672
 949.319513   563.304791
 219.311696   716.774820
-796.263921   124.945731
  14.611454  -665.907403
-763.881298  -589.227544
-276.723129   456.698556
 416.326723   523.929380
  -3.217999   740.985425
-691.408535  -272.526185
 638.321566  -754.033061
-596.219339   939.273334
 538.438600  -986.824852
 669.626740   -52.673335
-426.483400  -657.476409
-467.968741   430.399489
-169.982786   258.880804
-509.097440   506.412517
  59.300548   574.431482
-724.011335  -142.354303
 836.040115   796.130515
 903.681082    32.310587
 364.397278   887.480513
-114.842621   540.303722
 435.251471    34.697398
-860.837622  -323.392744
-196.698264   544.745284
-131.855442  -213.467467
-925.812533   845.037723
-698.095800   149.114520
 955.465952   960.094150
 598.141531   751.626663
 945.322294  -161.389405
 771.565701   401.580789
 747.092728   443.102088
-372.609527  -311.685279
 654.007111   800.417044
 220.802127  -706.276377
-192.123853   287.758696
 775.159516   248.719361
 236.374924  -115.712364
-309.498774   623.662156
 297.514013   550.800669
 761.949365  -831.438153
  74.866985  -220.012922
 437.761079   759.751232
  40.939405    81.580449
-572.530969    23.343214
-375.495173  -318.582240
 271.371009  -953.156516
 780.638677    79.865286
-482.619640   664.457973
-392.115821  -154.508233
  10.549174   463.972331
 683.166882  -480.487084
  14.998754  -752.373963
 513.119886   882.686066
-102.526228   144.870560
-989.573204  -322.039411
-527.805346   491.516143
 163.187646   429.294242
 875.078851   331.041091
 688.991541  -532.324205
-401.596780   333.844748
 630.158465   145.531471
-720.057015  -244.668550
 475.024644  -789.546157
  32.903650  -614.889475
 557.099020   -91.380818
-706.893493  -148.615735
-175.894095  -815.502777
-150.226535  -739.873357
-570.431196  -843.854616
 353.644886  -194.492585
 117.936902   557.649439
 744.029585   168.607555
 272.922299   993.023551
 378.035723   895.640068
 463.433921  -166.155296
-674.314452    11.571782
 -30.471195   -84.574399
 936.063613    26.370970
  58.282213   388.941410
 -89.135252  -934.785221
-686.320604   118.053382
 843.394711  -762.467882
 704.635596  -779.327674
-260.828069  -420.818850
  45.554998  -764.515573
-390.150815  -251.080479
-412.037410  -944.044429
-714.261217   567.585000
-156.486063   873.641311
-389.672072  -433.035400
-633.845734   479.320653
-995.828493    95.074599
-864.870923  -910.635048
 -37.647134  -380.596242
 -95.251144  -324.353504
-245.388739   668.919976
 667.366931  -734.380785
-722.955428   272.920526
 523.357562   334.441490
-702.034818   455.728312
-821.370038   249.540860
 247.178948  -225.529757
 800.488836  -322.004236
-908.360571   340.887679
-113.807593  -445.249801
-822.940217  -668.770437
-950.391820   260.218424
 543.190281  -382.303841
 290.319355   287.828379
-829.695937   910.336653
  83.668658   515.230329
 914.585614    43.507579
 501.117147     5.277602
-962.671859   316.508829
  63.718873   924.753532
-450.074944  -588.390004
 659.381102   677.834882
 159.105501  -830.704111
  67.087734  -359.137678
 177.786053   -17.053919
 867.697567  -320.086890
-638.983989  -951.886120
  55.803512  -235.978033
-817.949830   959.572227
  83.558547  -429.296551
-634.662148   536.609383
-691.545258   904.329455
 357.217136  -882.172531
 922.246670  -637.084320
 426.601247  -403.951326
-802.511568  -715.078899
 786.022042  -484.131420
 883.155030   799.003007
-896.243763  -520.754073
 194.009238  -527.017765
  17.242547     8.842504
 898.714112  -461.424946
-363.327109   106.242171
-869.083576  -942.187124
 267.082590   827.470197
-962.754335   108.150526
 172.345395  -796.981167
 525.956594   303.101820
-748.857315   136.491275
-108.035489   692.555705
   0.864747   565.763175
-715.265939    80.879509
-663.623336  -509.677030
 905.225253   922.704218
 110.304496  -916.415840
 625.287435   922.228885
 241.459836   306.117698
-665.236652  -879.649938
 843.621425  -453.394121
-498.222085   359.995594
 998.483738   684.877345
-574.491731   681.368388
-437.377422  -677.167390
  68.178573  -860.129561
-820.569792   396.858619
 660.996216   450.147563
 997.642506   756.558589
-578.299647     9.640499
 604.113107   767.863224
 890.816932   270.339761
 959.280696   415.508188
-453.973722   324.554056
-356.723497  -578.752213
 917.985359  -343.085512
 828.036483  -732.548510
 844.515562   217.573501
-991.441505  -980.842774
-652.927959   111.581309
 392.979886   -22.046570
-214.417837  -837.702427
 753.440583   302.532942
  77.298657   785.144386
 632.113199  -109.646459
-753.168816   944.078055
-247.247102   202.621748
-226.497931   678.291586
 623.739417   967.591003
-750.472271  -259.038718
-614.018285  -981.273395
 486.288891   516.841997
 361.108704   418.395554
-616.976647   632.561648
 250.473116   616.828989
-557.704639   960.238241
 934.593012  -926.407914
 -14.324249   408.095400
 212.053928  -985.729200
 968.527076   276.872209
-778.106945  -445.304892
   0.651278  -659.045807
-612.459486   477.629655
 344.351093   205.945098
-648.942321   176.329168
 491.946877  -745.138179
 867.126801   710.957918
 762.006186   457.797733
-451.344055   695.334355
-953.764990   939.621504
 355.468922   228.913102
 361.360707   766.203872
-996.090070  -145.771047
 346.199571   300.060094
 707.719623  -354.001471
 688.683107  -186.248209
-756.564607    36.590538
  -8.850569    34.513828
-913.070651   442.440558
-906.070705   836.782983
  64.820565  -367.516071
-216.282231  -330.588369
 760.196918   615.345821
 980.529290  -548.743993
 379.097930   915.551366
 833.990443  -606.246365
-341.550733  -874.311751
 250.589402  -944.254496
-136.102113  -951.952940
 594.441811   870.121603
 681.015167  -505.692868
 -52.846950   917.605316
 665.035025   643.267592
  39.350089  -526.512668
-854.178328   199.929411
-122.941036  -808.658501
-107.087618  -750.347255
 949.051158   833.428756
-245.209734   780.167473
 386.727334   565.292480
-875.995533   604.774199
-890.422340   221.477279
-136.322021  -796.344836
-888.420082  -895.593713
 699.858626  -196.633874
 234.603953  -177.783992
 729.165488   574.949617
 248.016313   -93.177507
 -71.581814  -143.788518
 240.421409  -797.444145
 301.842852   351.552200
-948.055842    34.425785
 175.626713  -783.986820
-975.422835   426.598788
 185.772997   681.558925
 808.739984  -748.036748
  17.796014  -289.217570
 -37.201394   241.701773
-628.153186  -724.654588
-911.858424  -744.638498
 169.044591    26.251479
 303.409960  -284.512724
 167.331843    82.287413
-708.750633   -60.952480
 206.658979  -417.872110
 940.542117    35.361180
 315.353612  -710.799231
-525.225289   638.367576
 118.899835  -890.785420
-312.367794   953.021544
 281.109585  -597.477529
-863.192449  -621.288856
 -48.549880   383.682012
 -65.195224   384.827678
 704.017365   132.193818
-328.679031  -400.736817
-342.761902  -790.304207
 752.210957   821.086050
  -8.138653   839.907184
 277.534101   386.441115
 -66.926485  -573.722985
 -38.507585   536.696821
 629.305338   614.542615
-248.176393  -199.374867
 652.168646  -986.549223
-980.215817  -284.226670
 109.383212  -715.196054
-119.183761   262.669155
 825.417530  -280.181526
 950.618551  -601.754260
-431.798232  -562.109919
-476.002295  -651.430959
 695.068368  -508.071480
-608.024880  -647.845151
-476.422788  -797.619566
 662.891473  -725.512931
 309.738394   770.023050
-323.233441  -579.525243
 -87.592643  -260.718691
-255.299484  -657.280386
  53.853482   598.045662
 246.407567  -132.563876
 421.884284  -763.013361
 765.446245  -738.410640
-620.717746    65.109422
 388.707792  -364.096782
-140.919671   272.285897
 842.027188   526.164750
 174.651745   708.870866
-411.634508  -702.866162
-505.656704   258.918282
-439.853387  -747.082936
  16.538962   168.164445
 -22.018728   454.597087
 569.330446   581.994439
 229.772897  -665.132917
-223.768312   764.844174
 502.272539  -251.467817
  37.784732  -642.002965
 424.973747    50.951342
 -33.405889   911.503784
 -52.483689   162.373370
 276.211201   581.248963
 299.474523  -585.600805
 789.769250   -95.839860
-531.230816  -562.812547
-149.954291  -245.834074
-685.581327   684.863200
-490.941516  -830.482168
 503.245504  -409.903967
  37.641441  -539.644844
-917.714157    24.524176
-327.252039   -97.697594
-134.988674  -264.976117
  -4.913877  -453.961069
-950.563607  -116.623011
-468.750244  -848.223115
 802.951695  -410.964357
   3.529839    93.303779
-843.681979  -447.150097
-544.516815  -762.824236
-279.526218    92.052120
-332.484317   350.214650
-499.952714   490.422693
 536.965708   690.896470
-618.715127   208.068088
-724.269748   709.998425
 432.370718    86.251272
-477.729112   540.152182
-436.309459  -306.735280
 993.684670   891.630015
 643.722632   515.612150
-976.218559   308.182068
 978.549253   902.977707
 730.932242  -544.843015
 446.671780  -580.249958
-532.553620   174.007278
 105.230507   -62.523339
 628.795422  -318.680856
-828.248288   691.603336
-142.414052   883.859555
-164.624271  -122.638398
 705.888250  -939.791853
-722.099549   747.500422
-388.856129   475.610122
  -0.399577   317.696256
-290.675114  -549.018720
-148.561304   505.252367
 525.683161   381.037213
-400.725583   173.910171
 135.154855  -935.582013
-721.730528   954.486667
 988.514741   136.381770
 598.291555   827.504391
 147.757469  -218.228221
-237.362873   897.385350
-872.581504  -227.132318
 -50.444691  -342.317275
 923.876292   278.006612
-390.709071  -657.152681
 349.771076  -644.727811
 652.949656   206.727825
-946.322990  -602.002530
 822.690620  -228.211771
-588.215407  -417.788943
  48.791395   -90.672626
-262.695469  -977.905822
-346.455859   819.624892
-217.789454   979.190247
-741.724662  -163.173594
 486.285509  -222.014204
 807.175008  -587.040616
 740.898135  -380.485647
 635.792206   329.585291
-682.437500   150.182768
-379.372528  -594.054319
 433.544095   -82.087125
-596.594542   982.170226
-108.536839   649.165249
 209.697199  -506.319753
-342.217074   138.458146
 -18.082746   -74.609092
-921.830420  -817.794647
 292.598276   837.791733
-306.436320   685.278948
 584.693570  -217.819264
 646.859211   699.687782
-169.894483  -640.843780
 235.473033  -135.846772
-230.670006   318.160075
 397.044071  -808.931658
 397.289514  -912.671071
 771.083636  -684.135552
 765.111664    75.475086
 333.313881  -866.512273
 453.075509   804.469440
 817.472942  -177.443683
 523.721599  -757.538751
-262.535869   510.793732
   8.789685   559.021284
-179.807865  -670.321789
-585.255809  -910.729670
-946.564241   277.733247
 351.244133   -76.192060
-312.684570  -201.316329
-611.192831  -924.450680
-498.788534   418.199210
-727.038855   340.591144
 -71.508907   -77.286004
-834.902740   314.045209
 427.163079  -124.552695
 -58.424535  -441.716226
-677.266938   676.991701
 213.977115  -645.526792
-751.697234   482.892966
-663.093253   342.784312
-977.578764  -453.495470
-118.684018  -644.119543
 428.824544   785.375411
  64.597610  -115.883713
-904.487955   269.580823
  45.748929   325.079884
 320.080815  -794.413427
 380.693425  -112.026631
 196.410701  -902.670610
-245.208937  -596.523897
-500.600437   817.512769
-600.028618  -967.923113
-944.111660  -970.880071
 641.053098   359.919051
-873.657030   917.490510
-806.793588   670.770166
 328.217509   448.022994
-911.974975    25.000201
 631.248673  -354.640848
 253.572869   249.346706
 868.654736  -209.872157
-144.239409  -535.183725
-788.229371  -353.264344
-970.010856   307.985519
-976.037243  -574.464121
-559.807613   315.923405
-443.084752   247.818788
-912.122114   770.920101
-177.806328   535.090262
  -0.847951   980.948584
 425.062217   582.519546
 844.447819   138.410124
-496.119694  -810.510865
-351.291418   261.747847
-222.869118   849.106803
 542.812820  -734.137128
-649.337908   523.432566
 375.250195   956.043062
 332.741178  -864.973033
-964.702403   824.206510
-102.176869    22.052283
 483.627844     6.840089
 409.258261  -973.416638
-957.573241   517.882062
-751.887674  -527.207349
-143.004257  -512.908539
-841.220721  -724.889034
  -2.547036  -595.976425
-248.504114   284.077794
-523.872064   450.616845
 977.102756  -112.547595
 754.663815  -731.465976
-364.922678   573.941764
-920.785047   583.559543
-170.213198   625.421081
 501.101822  -541.979956
 465.746259  -314.543169
-588.365130  -891.852038
 835.356350   976.752553
 602.903615   392.556097
-555.111891   745.411566
  42.943855  -632.909053
 259.565026  -870.766239
 -16.715421   907.322380
-895.786276   984.025138
 876.549053  -748.878001
-652.648351    97.694201
 590.466185  -591.253337
  14.849098  -147.520367
 -65.851505  -671.682377
-604.927477  -151.966450
 211.702470  -393.798585
 152.843661   935.451621
-597.197991   724.851054
 -37.658586   902.026385
-280.836129  -244.565022
 -58.573031  -154.605485
 218.788441  -133.139018
-688.243064   907.515046
 -35.998553   523.858598
-145.205425  -833.534289
 812.914072  -399.536899
  74.395361   105.704274