128
 757.443756   663.331059
-384.971749  -884.149667
 756.019198   893.898891
-828.693096   -28.019073
-861.574963   521.204331
 531.668859  -743.217071
 -49.435244    99.607187
-469.886742   744.866082
-153.724120  -576.403589
  78.592178   459.862138
-597.697873  -376.567417
 990.298713   299.756115
-123.799832    35.151682
-757.991608  -550.605326
-323.828876   176.617437
-539.770535  -559.565231
-858.013828   262.205915
-542.116432   810.840026
 719.270801  -858.285300
-523.990731   337.955557
-571.526385  -735.376303
 871.028481   142.086187
 -54.657947   569.238849
 614.993996  -619.180171
-806.138372  -137.897635
-152.842754   -65.950664
 458.151699   346.729095
 968.330423  -803.164258
-194.757436  -321.394789
 723.345073  -502.687332
-619.582183  -102.772904
-156.236720  -442.909711
-500.387104   846.531199
-113.738510   722.698210
 100.650625  -898.823341
 998.564937   672.055170
 937.992515   852.733966
 697.391469  -667.377779
 -28.717749  -572.505402
-197.919415  -882.729200
-242.053762   970.617688
-469.593884   568.141204
 -89.983265  -153.985028
 914.635282   990.845379
 111.536647   436.816551
-690.406349  -406.584349
 937.418730   158.360582
  84.390403   495.951121
-885.669454   168.355189
   5.700766   705.439784
-685.134544   921.557807
-839.777070  -628.350078
 190.070213   350.425107
-529.592210  -760.226772
 780.574628  -507.569304
 189.038307   238.763021
-161.550169   167.344579
  45.565431   869.412515
-591.481601   432.383602
-522.628095  -208.428306
 343.380446  -400.005840
-367.645607   503.728985
-854.913771   -83.428955
 996.908882   992.192896
-853.478558  -573.691375
-469.599170   866.518756
 761.728347   758.540485
-260.945823  -684.506335
 667.489909   407.079850
 223.355531   974.466127
 307.952635  -984.353786
 634.208270  -401.242496
 326.777430   877.860008
-731.417771  -769.142659
-785.928045   106.447282
-455.303575   209.659654
 435.224374  -592.805375
 268.475918  -472.032197
 -22.936296   810.672982
 692.207427  -815.403065
-152.848455  -446.639552
-992.908622   542.238446
 274.226755  -476.089475
 482.461817   103.360842
-144.626162  -980.660601
-849.512280   766.212787
 807.857143    91.180578
 669.190040   165.019133
-703.812429  -745.108961
-383.483300   797.962977
 592.244610   721.405164
 797.849273  -579.846923
-500.940522  -794.412757
 560.232484   768.269403
-187.245220   241.323020
-690.893323   859.762031
 729.211392   952.412066
 621.543440   762.832409
-950.427276   473.128944
-335.629064   861.631772
 604.470278   728.128057
 621.498633  -466.388581
 574.749018  -783.808747
 744.333566   717.186503
-555.132565   633.173211
 -79.393531  -389.618265
 590.690998  -544.809025
-952.671131  -613.740423
-343.476098   728.705884
 933.778208  -441.750015
 282.963477  -200.643231
 962.299374    72.431465
 878.474281  -769.316496
 940.801222  -642.864368
 925.068632  -469.067275
-783.194906  -130.872483
 457.090121  -372.645372
 212.417707    22.846119
-229.609133   153.176087
-490.554988   417.570568
-996.617444   851.150331
  76.903994   438.859998
 483.900156   341.257009
-271.557056  -860.052378
 328.475370  -339.599928
-372.168710   696.030559
 439.508526  -399.355464
-381.430676  -183.214183