256
-195.199226  -408.689595
-745.424402  -159.107332
 880.727341   354.635891
 805.611091   231.029832
-398.100251    95.874426
-999.188121  -426.172566
-140.223700   159.969562
 309.411247   -70.023620
-115.680401  -572.597198
 -53.627628   802.361652
 592.049520  -660.617208
-830.408927    30.904020
 265.881712  -329.623489
 636.846929   502.276275
 345.591341  -550.718668
-601.740135  -951.149225
-510.314912   -49.727312
 699.475389  -854.343542
-171.117978   259.530761
-611.129527   392.708501
 -11.245662  -512.031121
 312.116022  -988.910364
 501.928953   540.092377
-786.825407  -149.707612
-648.226637   915.932085
  35.915501  -899.563230
-501.603441   696.672695
 -87.076349   602.833203
 335.155465   975.784906
 190.904637   900.079217
 782.851852   225.304646
 438.547923     9.556330
 661.138339    95.743901
 794.416206   487.310884
 -50.651126  -481.616903
-505.520525   275.322874
 531.627369    42.599626
 253.496874  -450.805106
-845.033292  -428.543698
-456.569786  -360.580863
  80.304445  -723.251877
-537.477041   387.899625
 412.838283  -871.542299
-184.801261    85.222281
-168.451532  -586.331221
-159.712964   809.676957
 168.158828   391.045973
 713.464065   531.189152
-239.237942  -988.207833
-296.482395   506.950250
 706.895901   906.860677
-161.957435   495.031338
  92.264619   206.505178
-558.922611  -561.156731
-128.328048  -941.950360
-327.740913   358.283770
-191.366662  -669.910538
 -65.219702  -744.744405
 244.513922  -946.067096
-211.959487   128.783966
-945.795907   285.499296
-728.601026   -76.603112
-899.430733  -241.792272
-576.679432  -346.308390
 522.459416  -241.747569
 504.019647   663.848570
-495.456936  -836.187534
-961.233426    78.838096
 999.815657  -300.079313
 300.288186   562.466099
 303.509310   508.466408
 899.223465  -601.278635
-959.239965  -695.235308
-747.558050   338.917689
 127.939164  -564.070918
 398.929942   533.796197
-664.421713   214.494988
 495.851304  -770.934257
 638.602349   929.441546
-783.802501  -948.643149
-376.085511   354.694574
 916.345676  -206.691117
 430.029410  -848.007044
 381.228832   254.484791
-796.197389   544.961770
 700.586478   200.823230
-757.889870   967.688703
 565.270693  -305.592469
-143.243974  -258.858248
  11.921579  -317.537650
 699.151254   644.661836
-788.922259   921.575134
 271.170212   657.414622
 414.617287  -129.025710
 467.590608   930.947462
-459.835207   616.398438
  76.345813   -33.004992
-128.851014   462.052429
-463.208924   703.426320
 661.462038  -826.674204
 763.262368  -512.273122
 -70.583067   220.663408
-242.021392  -942.600004
 701.905673  -636.320286
-575.760300   595.664714
-319.322314   760.639960
 402.367501  -447.462848
-979.697771   896.125156
-828.774076   440.149328
 -22.844306   516.329307
 381.218679   291.805799
 -18.357330   585.865736
-813.893299  -556.807199
 383.574311  -387.587940
 163.111171   -53.479022
  61.843862  -148.992375
 491.870873  -338.417406
 405.709884  -458.167146
-497.192648  -758.688230
-614.831413  -760.890517
  71.727931   524.379219
-629.700315  -567.230720
 -31.602826   449.170002
 953.214046    49.273738
-434.002593  -798.947784
-611.764844  -545.033673
-641.116913  -971.703265
  68.270179  -451.377346
 948.589862   106.717934
 394.834786  -747.441014
 736.922395   -18.242611
 745.439470   148.128439
 -61.206110  -119.062404
-631.272659  -897.246566
 882.127194   -44.541625
 644.231291  -198.585115
-851.835659   258.891414
-892.781851  -701.604831
 125.679194  -392.328976
 987.836245  -763.096876
 528.886891   212.635302
 581.481660  -548.625726
  45.145070   -98.971070
-114.557992   720.333332
 980.062521  -389.239511
 242.054642   219.261824
 480.178611   895.180401
-584.424188  -577.949609
 320.856274  -685.885813
-652.372903  -849.870262
-994.648555   -98.992591
 187.622390  -417.481422
-537.047531   413.911660
 405.975116   -91.937347
 374.769840   847.822089
 575.656053   250.116014
 322.366086   867.336917
-149.722068    89.124757
 295.269447   816.822890
 653.262319  -857.180326
-668.154422  -384.776375
 497.915444   138.414099
-422.778823  -751.292684
 377.355982   399.467370
 885.352481     0.944354
 -12.409561  -839.116296
-920.278432  -135.942672
-355.356833  -499.264195
-817.346227   923.822204
 671.917228   150.398218
 901.572556   999.144834
 344.563169  -460.977948
-919.536654   512.537661
 -58.998353   303.018979
 832.145576  -637.021706
 170.659251   269.569439
 -16.548396  -817.515187
-304.077887  -333.383213
 340.267019   715.466189
-340.392673   387.347348
-423.564409   890.387079
 627.132069   100.193218
 -90.348183  -370.965686
-353.452427   940.369454
-191.649886    29.192505
 976.238430   315.320773
  85.187189  -173.504858
-624.834917  -276.441282
 512.886308   250.817484
 519.981072  -592.883523
  98.439278   855.345522
-123.767810   396.500058
-757.147833   946.293632
 217.743334  -521.405075
-683.243672   101.678014
 104.502818  -813.581597
 984.514279   825.859757
 -77.104212  -765.067702
 664.286348    -3.248991
 433.206652    17.744030
-453.150207   669.447891
 960.489265  -512.538188
 102.530154  -232.827974
 843.736300    16.481783
 758.652510   728.053869
-447.505194   580.012364
-170.115153   868.496787
  15.475352   641.098946
-434.322033  -402.888300
 173.875445   997.804666
 -20.719307  -702.809163
  77.161155  -309.752117
 103.834834    86.860126
 -89.310766  -356.445300
-622.695253   394.996855
 143.595284  -532.875108
 551.088950  -912.705402
 489.410303   410.455762
 622.817805  -227.842495
 327.377659   641.495103
 961.636277    -9.342701
-925.960777     4.582300
 180.360859   739.400627
 748.380748  -119.387580
  51.902174   -86.143851
 444.887655  -180.042761
 309.562653  -691.277562
 -61.018798   938.407261
-322.877532   385.409197
 299.673305   703.530585
 704.682673   718.684368
-239.981205  -366.677692
 437.434850   518.803619
 744.766035  -928.201800
-863.158506   262.322034
 841.858198   994.851846
 493.532733  -132.057056
-803.113747   267.495658
 745.158465  -112.642897
 388.002326   806.848124
-908.018063   592.286930
-413.264448  -250.317820
-708.860409    62.332636
 131.856124   585.038948
-660.032702  -842.063299
 741.679197   239.420737
-518.340416   825.658032
-713.764560   -77.700173
-492.045321  -489.346584
-981.205137   609.266154
 802.418847   355.221771
-684.048756  -116.540433
-308.868751   175.143410
 277.877405  -151.382123
-499.803551   690.607850
-601.566002  -230.613502