1024
 -80.672936    66.254129
  92.546438   351.737153
 735.308807   361.491779
 607.305060  -471.275633
 -31.639797   914.674792
-441.987208  -403.001678
 882.971093   964.520593
 542.348538   409.801874
 380.479823   -21.993841
 -40.393154   120.975180
 868.970779   443.328757
-424.421249   146.953608
  86.381754   791.520923
-210.935089  -309.730650
 546.128658  -707.047756
-915.867026   910.627435
-841.941128   848.019264
 311.944101   494.676999
-572.026384   655.903407
-457.734556   124.036039
-456.757067  -781.546837
 481.781953  -521.435868
-898.469140   810.368382
-548.656707  -534.326880
-799.604082  -339.412753
 -55.192186   362.383973
-725.065932   929.037534
 955.821424  -684.117848
 305.785595   761.294914
 -48.600711   301.077384
 511.822119  -425.509925
-429.169317  -881.674828
 537.449987   304.597461
-535.559602   477.373045
 700.666203  -925.403507
 842.941764  -164.230036
 675.209778   867.845221
-927.320302   672.406396
 575.921260  -627.376736
 498.006403   744.581370
-421.066048  -925.067648
-403.215579   205.565931
 856.909692  -329.915773
 -91.301844   282.624819
  48.637070   778.519928
-731.600108     8.425347
-454.325837   617.627756
-338.631806   462.238468
 296.570677   437.196347
-971.831609  -325.775641
-409.951485   348.802280
-613.677425   221.908999
 277.451588  -189.019250
-144.593499  -344.146683
-198.333507  -809.229788
 963.370385   -45.091803
 871.650774  -986.339759
-232.851219  -106.528956
-466.011346  -340.749393
 164.921503   145.754695
-476.893698  -280.895819
-527.394845   335.572230
 -69.210018  -680.566350
 372.147240   846.212028
 775.602828   539.682095
 380.580755   277.422650
 881.271247  -264.912194
-558.301520   914.721074
 -43.636201   -90.042654
 977.675924  -252.750316
 403.881454   825.593777
 514.701047   603.989984
 651.207018   523.719240
 360.683840   191.628931
 574.741380    51.013312
  56.346248  -276.430263
 834.489414  -775.582417
 657.548108   805.776320
-595.686442    73.320317
-670.925687   708.972015
-116.318895   360.590476
 433.835932   -22.344066
 797.778703  -109.034616
-888.728388  -736.111320
-169.150852   127.822370
 117.594398   345.535424
-383.660872  -956.459084
-491.085562  -993.969057
-564.197383  -853.940948
-152.605230   400.769756
  82.327008  -879.488737
 788.436891   972.274496
 -55.857598  -425.818586
-640.037346  -729.142267
 283.050000   458.578999
 927.565134  -251.078159
 782.667210  -102.925735
 834.230153  -245.007301
-839.500015   928.288753
 749.107443  -734.020387
 720.573162  -762.733665
 985.693552  -213.882736
-745.305825   957.448754
 669.643223   512.358830
 956.981365   -73.992198
 438.187950  -151.743941
-241.447064  -540.671866
 -78.749443  -689.757254
-623.039098   750.416349
 530.979859  -935.565370
 320.395372   229.846414
 872.475861   778.082684
-518.667412  -865.418194
 187.888295  -107.117868
 344.047274   744.424836
-510.531698  -911.526540
-122.074377    79.519618
 508.771417   552.127243
-719.728850   986.966882
-531.676966   832.794066
 152.220671   154.949629
 545.076425   636.764978
-526.191930   752.516644
 971.391121    42.502109
-172.879587  -449.692159
 113.436236   183.334244
 470.424219  -649.733623
 357.500247   111.701332
-906.231806  -311.170340
 286.632131  -237.690735
  48.926120   392.616815
-183.481646  -400.223011
-632.242043    75.856529
-518.063622  -549.310903
 715.082477  -711.296502
 -73.949681  -884.752131
-174.645022  -166.984267
  59.983628  -223.161902
-490.008709  -339.474013
-841.859133  -100.426348
-257.845013    71.271073
 658.812570  -896.926742
-245.664050   209.938893
-920.904892  -854.431343
 609.301236   175.167378
 342.901044  -565.966957
-582.221823   814.065655
-393.623949   817.988321
-576.384456  -619.952605
 482.950406   493.758455
 508.661486   828.882594
 391.252571   407.537165
-206.735880  -521.338082
-356.769982  -433.881605
 -67.499078   297.442680
-383.155431  -280.710764
 765.623905   -67.991866
 605.633244   444.827146
 523.257939  -359.533430
-593.745017  -374.155962
-908.569104   728.169683
 482.504757  -967.560198
 106.623127   168.063798
 440.023875  -409.615425
-607.616435  -539.962748
 139.579025  -508.539967
 101.285065   886.929090
-324.871432   526.721251
 -22.757799   447.115893
 479.188181   -78.342003
 465.544474  -295.647663
-720.082943    93.092657
-631.904454   778.729059
 980.647082   914.473788
  47.888831   678.136987
-851.339177   635.991822
-902.971212  -987.232351
-725.016939   261.403296
-864.064117  -697.940707
-562.560655   -87.980682
-879.099762   275.457184
 867.807442   825.502909
 318.568684  -968.536466
  64.424970  -177.322984
-966.547705   444.385443
  71.476206  -426.622927
   4.432064   395.718152
-138.853583   879.423826
-641.466318   836.097689
  48.770802  -518.062335
 239.561685  -495.163607
-291.117798   589.872664
-841.961512   918.595588
 -82.004509  -513.584212
 394.472632  -400.050719
 656.124157  -838.766163
 983.349411   299.788904
-936.630993  -189.443404
-245.660863   -47.989800
 273.496151   405.690300
-834.627755   690.659589
 289.814484  -337.458766
 954.658447   947.679491
 789.582424   838.304431
-540.467006   802.545918
 384.575425   133.568294
-457.809895   848.318533
 368.857487  -439.253972
  86.061397   316.218481
-641.290994   700.855200
-968.683810  -585.683769
-711.616877   641.381483
 641.804776   857.749881
-401.446221   127.916399
 133.391840   698.884851
 354.069932    81.124862
-232.307572   479.490342
 580.996170   378.621082
-843.144618   490.913123
-308.281004  -804.628425
-535.711991  -847.963507
 210.337486   227.730467
 191.217324   937.841054
-347.246706   268.245895
 567.096278   -98.899610
-543.723220   106.075450
-249.146008  -628.524308
 171.750242  -239.854573
 544.334808  -409.241039
-507.100437  -852.986633
-464.055938  -240.000014
 567.780564  -691.446219
-220.756049  -278.599544
-816.959143   885.920455
-110.528270   522.692982
-795.537172  -825.405535
-138.040968   113.970064
  24.881697  -793.414145
-820.762316   108.439611
 193.849111   568.877449
 727.436355  -975.318770
-172.379860   558.338211
 449.687688   119.073092
 985.460400  -514.514959
  42.209062   370.631984
-660.996510  -462.162073
-463.186406  -708.130359
-665.585198  -448.076257
-400.495492   565.333248
-277.750175   888.444591
 441.798905    -8.395127
 233.337584   -84.276734
-729.020949  -986.465261
-208.616043   683.226773
-240.220088   724.396621
-119.554157  -138.767558
 647.070480   302.073717
 188.785838  -399.129431
 206.422537   390.584591
 -41.980515  -644.725457
-203.520835  -361.724670
 469.748731   265.804924
 935.526171   563.948739
-348.227525  -439.399707
 571.733063  -269.968925
 864.134305  -600.399903
 994.529851  -640.145575
 535.235815  -946.167783
 454.426728   885.949831
-580.703207   595.371042
 662.563617  -861.682656
 695.575860   590.091249
 345.955305  -721.641755
-394.334715  -494.636630
-691.713531  -153.744090
-246.018364  -101.866558
 195.867710   164.488038
  68.734802   846.991508
 739.267449  -163.398615
-926.469672   936.856081
 403.268574   624.593951
 187.639887   828.802497
-781.261150  -503.538062
 329.387774  -667.323013
 225.355805   126.440584
 290.062408   293.487212
 933.622267  -336.806596
 592.462129  -788.110897
-802.786883  -555.997841
 493.706055   115.986833
 375.328818  -557.936528
-251.760864   -73.873583
 359.110975   380.874611
-698.510135   995.405451
 -34.457831  -409.135559
 841.095089  -828.290401
 662.635489   460.301446
-303.342695  -313.866638
 568.539995    42.229660
-303.399407  -804.753938
 443.987887   -95.105613
-865.651320  -910.633895
 421.557980  -954.829770
-313.844105  -781.274636
 600.100252   859.844893
 480.978969    31.987804
 103.820580  -338.020689
-147.261233   -75.891685
 595.511577   259.520638
-627.226149   314.615822
-208.835244   474.776739
 766.194749  -100.849977
-140.894318  -991.099913
-570.407790  -443.310339
 407.519487   592.016102
 154.695810   599.004714
  73.778021  -268.413941
-605.851450  -772.090059
 341.402856   -21.032042
 931.832800  -373.191780
-222.721478  -214.911989
-771.535853  -296.030151
 -84.278828  -654.944974
 347.177725   601.226766
 837.365160   180.336730
 344.220163  -373.628510
-522.854547  -766.102192
-253.387858  -717.282913
-223.073461   192.851635
 149.612090  -153.922436
 -26.659569    74.758540
 838.321993   861.389875
-653.530396  -666.268952
-422.330452  -625.802840
 683.970428   238.819958
 731.044462   903.683901
 -30.782161  -609.743017
-232.111648   123.164155
 306.139521  -181.731303
 -16.548240   420.284746
-112.296514  -665.493025
 130.795598   591.761779
-558.940987  -934.609826
-550.313167  -422.659380
 561.480395   131.300922
 545.095276    -9.373314
  21.611960   145.428108
-464.222181    86.212364
 981.787240    84.086758
 513.572485   520.008262
-117.266841  -562.916130
-149.690627   471.977395
 307.343405  -504.936750
 749.619693  -935.539209
-474.369551   724.399251
-826.033988   730.580941
-765.227947   623.777825
-580.243665   475.225964
 378.267174   722.097393
 220.523605  -143.665877
 232.302400   569.698620
 627.059731   610.880987
 140.148690    64.561595
 193.715372  -663.245271
 958.000313  -414.730604
 145.471160   904.794691
  28.829977   800.310577
 630.361812  -728.822187
 500.188273  -176.807554
-881.428227  -445.352929
 311.792554   402.853055
-734.618288  -707.513113
-355.806577  -504.890520
 687.111313  -214.598499
-715.656734   264.803965
 255.625642  -249.655344
-848.967453   589.197261
 537.768470  -194.298453
 499.604766   389.407231
 754.634714   -90.608702
 -23.911039   163.911089
 737.815526   694.334652
-813.716684   944.300584
 269.681091   394.577956
 700.212480   591.355853
-204.568264   936.257160
 649.695295   -10.570105
-354.269701  -432.813848
  94.621071  -738.811499
 704.845153   576.607307
 788.309316   524.508045
-908.114149   252.359044
 673.404358  -967.437295
 858.865751  -684.032970
 -86.963728   983.676478
-144.401398   991.388137
 818.814429   764.295528
-396.268991   748.846739
 753.190074  -813.320031
-279.129233  -835.158939
 329.017623   297.822418
-896.425450   251.208548
 451.976727   510.464314
-141.538118  -817.601626
-809.632644  -573.157646
-844.122557   187.358994
  38.888509  -109.866246
-983.874862  -312.851700
-758.812428   720.680586
 388.062002   -44.599517
-542.106265  -821.337838
 611.913668  -793.596934
-264.876621  -401.489345
-234.557900   626.735847
 748.994591   283.152297
 354.274156  -863.176785
 126.582429   220.638479
-671.766900  -297.624562
-573.889097   496.537673
 839.788249   232.152025
-115.232261  -565.510644
 793.185891  -719.973717
-753.685555   460.018298
-296.928719  -141.222517
 582.153322  -504.427250
 289.241136  -503.665946
 201.998124   442.359278
-430.158380   882.558490
-946.351188   694.140042
 751.654376  -589.108564
 213.853739  -622.706953
-216.497968   292.339549
 567.603199   587.556063
-521.317847  -228.228850
-517.836489   276.164660
-857.975997   777.449056
-975.865975  -277.803586
-367.054699  -226.323502
 677.946606  -158.272931
  92.712442  -654.459376
 -57.970748   974.732530
-854.016319   174.726994
-972.413149  -568.514123
 845.158578   897.359994
-204.049952  -427.024400
 425.258152   534.220001
-152.849530  -195.445179
 281.074577    75.310716
-694.639112  -832.805852
-841.956876   841.849718
 948.626769  -689.245738
-346.499407   172.874326
 526.448262   299.679066
 286.309139  -379.661013
-125.027914   906.855953
-522.725224  -511.040493
 849.255509  -768.026837
 224.593589  -889.942761
 332.159158   316.104721
-648.708193  -974.670057
-725.576405  -977.298794
  -7.174135  -306.589745
  34.445685   645.013745
-481.506077  -256.261138
 499.552768   746.920113
 465.871675  -763.886559
 799.794853  -329.977947
-141.350861    47.708423
-474.100698   950.101176
 255.065666    -7.704862
  21.563759  -889.121778
 718.719565  -666.237215
-685.380038   546.657907
 788.536840   348.240863
-769.332793   481.559925
-994.862988   717.378018
-975.423854  -908.036940
-272.047007   840.453091
-642.078132   920.684291
-929.272852   606.230973
 428.041603   311.406589
-550.969372  -503.473633
 831.709530  -360.129725
 651.993991   143.071925
-761.198141   346.651433
-894.655702  -553.629878
  31.548261  -908.142806
-198.150306   753.982476
 732.064460   547.054959
-378.604452  -827.228955
 -86.507648  -262.161282
-416.809819   569.014435
 479.151973  -514.832013
-263.452745   943.715490
 995.574233   551.771912
 464.926673    93.118485
 591.947082  -698.867246
 864.795065  -952.179488
  83.090400   271.883679
 386.921613  -980.810360
-329.965264   517.858306
-247.450339   476.165320
-384.978725  -589.611254
 966.231484  -160.368316
 922.370122   945.118472
-715.253030  -440.349458
-912.199469  -537.054853
 691.008471  -173.886393
 791.155880   -83.083943
 495.798798   161.541255
  10.855528   274.431360
-211.297422   183.791527
-875.434273   324.887856
-738.583427  -416.647952
 701.827412   852.083904
-214.094658   663.799669
-347.496862   -94.484295
-532.777547   887.109372
-727.776307   540.293240
-782.054333  -788.684500
-100.866505  -371.933424
-758.526526  -283.425108
 540.673497   -96.165846
 -73.306810   704.964371
-819.158224   615.193809
-391.570034   409.409608
 206.604973  -569.958421
 713.146542  -703.352405
 422.314797   936.800008
-207.511075  -902.098765
-402.318578   640.179232
-652.264535   904.193214
 709.202609   111.907523
 100.241784  -810.549446
-796.185303   587.619486
-757.093489  -876.661631
 561.919987  -555.423735
-603.733930  -198.836381
 372.570524   875.149796
-831.921152   172.237504
 834.857163  -850.025639
 994.322852  -604.499327
 291.973791   618.597331
-816.042723   694.550869
 617.774417  -754.944681
 884.561322  -898.724598
 848.263451  -133.687246
 448.861694    -7.747218
-234.541123  -146.671963
-292.113495   816.608432
-450.036462  -107.977139
-702.737182   228.213156
 233.954329   294.556801
  -2.216780   765.557148
 -41.938140  -824.556898
-233.969448  -161.530358
 285.305051   594.395884
-501.704490   988.174555
  87.313366  -960.940033
-235.003832   426.741337
 -40.631122   562.870212
-311.931760   131.302230
-356.791163  -459.128630
-947.874064   194.232706
-941.393079   621.378731
-438.134669   617.307767
 -56.631229  -285.134215
 167.977840  -534.475744
-680.750383  -504.285892
-517.694410    67.379129
 582.474424   474.120275
 528.099447   895.604956
 151.384217   965.329272
-223.154957   870.412064
 983.083842  -652.575937
-526.897735  -363.991263
 476.210202  -282.433735
 183.124990   406.905766
-296.635703   135.302731
-715.795419   896.737012
 673.393681   620.802326
 940.775417    84.249203
-648.886465  -924.072518
-887.664046   203.325573
-960.144020   -44.022024
-336.532013   228.269535
 612.890827  -318.481911
-645.080255   604.848889
 736.434196  -880.888074
-704.575962   409.392683
-716.694671  -778.158816
  52.589757  -270.220295
-854.936788   409.076019
 324.279106   172.033326
-326.877858  -354.793591
 951.721343   464.704051
-126.263234   278.531983
 -25.599962  -365.433213
 414.365842   123.954619
 779.200434   227.417972
-286.348906   331.063339
 628.908473  -243.231784
 467.989947  -410.965471
-644.583423  -996.404187
 404.016896   145.669585
 701.513931   541.660785
 134.965510  -635.836488
-363.566176   617.613852
 222.762305   279.293546
-791.779534    -7.629884
-337.663148  -844.386723
-306.379751  -360.962642
 272.373540   926.159249
 643.323611   340.049142
 458.571894  -328.501069
-977.208759  -580.631431
 386.352153  -299.037676
 574.040012   440.827176
-903.705085  -123.559717
-160.693542  -667.323114
-171.961673   763.541317
-297.537661  -249.304859
 657.613955   577.459989
 156.110982   516.487087
-548.834545   -97.425162
 598.389132  -933.174427
-959.844003  -477.744580
-790.549903  -316.383598
 775.862535  -678.191010
-849.995158   883.668287
 956.083046  -324.098832
 970.552200   786.452345
 409.009293  -137.353332
 307.270351   214.635251
-131.599230  -892.888515
-337.810841   948.796841
-181.440268   108.224865
 851.147201    80.250863
 321.195785  -405.198705
-808.168157  -214.195571
  99.325267   -18.103448
-890.990297  -992.368856
-824.743281   647.794614
 250.181907   -39.343205
-806.026205  -586.094034
 276.381318   954.115392
 -52.858698  -768.982153
 569.753146   -58.111094
 789.754967  -469.991206
 283.732765  -224.945766
-257.958950  -237.109626
-626.834118  -910.766151
-120.519154  -473.198381
 674.157504   128.493176
-697.738651   392.941902
-806.594758   336.282348
 616.360315  -172.026694
 512.913772  -544.974483
-878.032508  -225.787806
  45.164547   931.255408
 374.135865   872.722871
 145.428581  -528.715961
-402.295782  -210.391270
 707.879643  -930.543013
 142.439871    33.634794
 142.970810   965.509528
-705.104692   898.509633
-101.920528   898.122966
-665.670425  -576.219681
-614.547832  -914.648199
-843.262956   366.250939
-596.161440   645.128066
-704.243499   190.095309
-360.501022   454.206018
 614.687339  -825.945118
 112.728408   104.108383
 713.248361    39.376355
 834.323822  -975.272405
 400.824243   175.152175
 563.371322  -774.962315
-700.715361   133.187854
 165.354174   929.663329
-799.592004  -788.730360
 559.089394   571.491261
 734.950536   760.271569
 755.787125  -471.726740
 309.575341   144.046480
 -53.906768  -655.600544
-194.052083   236.488977
 361.625726  -196.560203
-208.414512   757.915263
 381.027508  -901.418049
 -49.563618  -462.831290
-255.118608  -324.267837
 587.304120  -378.101404
 685.693137   716.469566
 369.704054   944.993285
-544.085173  -399.039105
 487.447283   548.061800
-358.263369   457.598827
 209.958265  -821.426299
-116.566804   826.865611
-185.659278   -31.079341
  33.002837  -252.179581
-887.588359   582.980784
-868.766065   419.138797
-193.229718   561.032859
  48.572434   137.344599
-652.525288   750.361112
-598.546448  -884.744968
-933.857911  -898.881437
-279.249836  -601.780455
-263.296145   -71.563072
-206.115445   846.147137
 362.348721  -516.123811
 -22.426522  -107.793135
 921.040757   -50.835422
 102.667441  -311.501992
 675.307541  -482.680146
 661.740403  -819.216158
-945.099020  -900.697914
 707.642653   559.660270
-571.362825  -557.297846
-549.775918  -586.538028
 303.174666    26.562468
 729.259860   934.276711
 364.399463   -51.805587
-735.371818  -653.598687
 601.729617  -552.459937
 216.687766   886.009936
 425.480976   418.736393
-449.242884   790.965950
 703.172346   -82.003962
-563.581892  -395.709817
  41.275797   247.212192
 168.974312  -985.304855
 998.858760   932.970909
 678.756839   122.914235
 187.545085  -434.646244
 368.826272   -36.523162
-327.432692  -447.033500
-349.725859  -446.230139
 312.239210   904.375596
 302.932937  -623.279838
  34.587171  -519.395845
-886.450651   714.630720
 620.057949  -191.803147
-360.828524  -720.140983
-949.089458    -5.254343
-408.790734   813.823125
-190.802211   473.464191
 166.047405   989.507460
 632.029402  -313.665901
 426.738578   372.636222
 276.627180   -48.529597
 881.335909  -283.005737
-399.610343  -660.026672
 315.229369   116.496089
-412.431894   -58.438254
 481.837783   450.373274
 118.063312   825.249526
 893.846760   799.182316
 308.869289  -555.492977
-553.344149   742.864464
-159.054864   773.687099
-256.635140   171.141390
 -72.478744  -764.437058
-892.646091   268.793487
 160.626217   241.309391
 -55.560635  -610.912390
-760.368126   361.395529
  59.677009  -173.785492
 741.698293  -698.443098
 984.695706  -314.660230
 974.383199   785.690247
 973.298512  -713.551695
 724.787887  -639.286462
-838.377066  -334.741106
 973.280745  -373.171856
-883.972824   -95.893543
-581.235263   547.084543
 152.557831  -683.129765
 570.421811   559.504913
-741.188085  -132.577171
-141.180554  -141.949103
 -45.199448  -990.661725
  67.565206   461.318141
 900.137231   784.012784
 513.695476    62.067571
-964.167749  -991.752332
 467.206482  -547.468577
 753.970271  -375.815479
-794.583553     6.672957
-387.769816  -869.425955
-908.563297   896.926750
 -88.147376    40.576824
  48.235287  -132.669540
 373.560309  -732.421140
 992.277829   -19.642631
 500.231165  -670.232982
 813.788472   624.016634
-961.750534  -551.357273
 969.759049  -577.619542
-956.173456     9.267109
-753.676036   422.220180
 584.254310  -249.615135
 280.642171   542.499327
 246.269555   187.848136
-904.079249  -783.773100
 672.240019  -903.529887
-768.420347  -111.371422
-752.809874  -494.523414
 403.736430  -589.010169
 371.480057  -981.390904
-158.257087  -798.040306
  40.618468   245.595554
 401.452692  -162.348496
 797.243850    23.169573
 235.395910  -434.586464
 569.520132    -4.521874
 218.003619   555.917833
 662.997641   946.239445
-284.156327  -180.487539
-679.252803    96.277527
 820.713255   376.407831
 -38.672114  -530.989468
-974.501197  -821.994321
-779.138165   148.305530
 -11.791942   898.892031
 559.052445  -849.903573
 447.152497   809.558768
 288.673583   -86.497531
 954.581906  -471.749954
-899.839608   626.356828
 748.280898   704.497371
-279.570672   353.533064
-148.009587  -768.197893
 702.491801   780.584023
-980.655345  -723.211115
 294.397252  -342.678348
 789.055235   910.178313
-463.381203   466.135891
-254.755693  -314.554554
-772.336000  -199.499548
 -86.922627   671.416691
 379.804862   -43.509978
-156.520357   772.247773
-666.442542  -734.976848
 452.822224   963.138341
 688.699695  -792.573789
 822.453523   -34.650299
 137.886862  -123.674390
 222.646317   558.328589
 222.716839   725.151549
 759.900493   454.557269
 783.525603   -33.840687
 -23.754446   775.187856
-118.624239  -873.327907
 309.947138  -975.279574
 736.664544    49.635824
 487.247625   447.547087
-552.030161   911.522860
 746.287127    38.199358
 376.483287   236.478032
-134.304186   453.303937
 -36.140645   327.421288
 282.808906  -702.691095
 652.875640   784.123763
 225.828023  -976.710265
 868.742841    11.135144
 -61.422127    -8.330138
-669.192253   502.860002
-358.732369  -338.210315
-443.685739    13.858664
 100.991139  -242.724815
 634.206611  -842.338808
-111.622247   146.069861
-823.960277    -3.087708
-367.876945   961.341478
 490.477929  -964.461742
-193.120682  -928.336135
  98.197579   651.817517
 583.566570   926.342497
 275.076245   780.221798
 124.665144   309.191967
 -87.584154  -318.291599
 650.621981   633.177373
 688.634879  -336.054749
 534.832800   199.902303
 433.316136  -273.410906
 -94.935088  -805.125955
 317.820508  -995.606104
-289.722043   267.322361
 599.825431    95.381163
-252.219279  -787.355542
 793.754237   -15.155716
 643.677320   485.021781
-181.578486  -491.421377
-608.157066  -758.508385
 704.388744  -568.820991
 649.108287  -618.842472
-324.132903   514.298684
-906.999276   266.480935
 344.283545  -753.561619
 783.508710   -85.224246
 178.632333     8.395152
 927.709512  -991.324745
 472.427861   106.452658
-134.379240   170.241423
 848.741748   562.162994
 820.362973   383.635425
-652.699460   630.488308
-792.892078   315.043622
 212.321548  -356.312476
 762.781134  -162.670508
 217.987387   385.031071
-503.522422  -204.260007
-314.282388  -411.652916
 609.593662  -723.639989
 205.048899   772.873711
  24.589245   686.148863
  95.611943  -372.178410
 473.637297   107.163126
-565.314886  -580.574607
 428.769071   373.222595
 842.383529  -734.656543
 420.792887   950.358986
-644.374601    84.982957
 273.754870   420.705454
 521.550050   124.560423
 165.612542   885.347302
 420.247263   348.486971
 787.732003    67.805607
 754.954470  -155.227262
-974.458970  -787.059068
-238.259373  -893.870001
-886.790451  -466.043461
 571.064385   967.064787
 366.780657  -707.143220
-875.934352   568.714802
-591.998193    82.344175
-282.635125   -94.810991
 232.217668   351.052027
 123.769967  -551.385228
 294.238889  -222.226676
  21.844607   593.667296
 392.256994   385.872150
-906.040237  -236.834744
-166.867525   576.223060
 370.297526   931.666427
-892.395615   487.339932
-593.825555   737.699923
 720.889477  -113.872292
-548.903005   267.576988
 419.090906  -264.517758
 176.770680   476.900065
-607.061836   449.829041
-613.004576  -102.370155
 966.906647  -851.062012
 924.950498   470.158972
-761.292377  -918.731534
-441.775507  -471.520809
-678.142300   692.028392
-988.709728   -67.337324
 874.988901  -920.118821
 857.256477   193.760664
 547.321900   250.733325
 686.279962  -397.690363
 579.816365   100.320359
-854.238409   415.363123
  50.790134   913.975435
  41.212575   572.516479
-681.259015    86.160310
-193.165867  -301.194098
 766.793478   326.668953
-337.866927  -412.851286
 900.616553   236.561202
 -50.285623   122.669366
 504.267513   298.600227
-770.556097  -307.985418
-519.304247   284.528712
 837.214598  -512.345672
-920.245503   771.320318
-237.254785   592.413171
-773.251945  -486.818887
 447.951217  -950.588541
  33.735645   540.988645
  28.618124    17.471186
 -26.390582  -407.132061
 303.056392  -359.374486
-835.309104  -808.087138
 943.257540   546.637036
  66.411644   253.866152
-578.437050   259.028968
-573.649736   370.810366
 671.330155  -588.840864
 657.497342   757.274463
 482.750070  -129.524475
 633.508696  -855.759013
 372.087079  -952.494108
 433.736568  -924.227371
-853.503942  -644.015673
-496.183998  -859.115816
 643.238637   821.973149
-184.734443   -97.748673
-191.103959  -367.191508
-220.996266  -763.388477
-988.202145   440.571362
-873.524818   491.902062
-908.966292   696.502478
-284.599723     5.673902
-420.326802   371.757318
 213.131682  -436.965111
 853.381759  -237.172851
 644.244740  -938.361697
-687.353052  -560.268549
 493.507823   593.540874
 698.934876  -410.043061
 268.091338  -403.886994
 773.956238   930.730787
 734.277945   295.881217
 914.783298  -977.699584
 749.533855  -717.252268
-916.453719   145.437190